country_id,gpd_campaign_id,channel_id,product_id,date,campaign_desc,campaign_platform_start_date,campaign_platform_end_date,frequency,in_platform_reach,brand,portfolio,strategic_cell,vendor_id,campaign_desc_old,campaign_type,shortened_campaign_id,campaign_subproduct,segment,media_channel,business_channel,media_objective,starting_monthyear,campaign_code,campaign_advertiser,campaign_naming_convention_flag,channel_desc,platform_desc,Mars_Period,Country,local_currency,Region,CLUSTER,views,completed_views,impressions,clicks,actual_spend_dollars,actual_spend_local_currency,video_plays,planned_spend_dollars,planned_spend_local_currency,publisher
DE,DATAROMA_DE_3,DATAROMA_DE_1,DATAROMA_DE_MW_1,11/25/2024,de_kin_p11-12-vnp_mw_eu_other_brand_social_views_dir-nadr_1024_118759,10/30/2024,12/6/2024,7.363636364,350599,Kind,miscellaneous,miscellaneous,DATORAMA,DE_Kind_mw_eur_Dv360_3,bid-adr,de_kin_p11-12-vnp_mw_eu_other_brand_social,kind,MW,social,brand,views,102024,3,DE_ESS_MARS_MW_Kind_EUR,Compliant,PROGRAMMATIC,DV360,12,GERMANY,EUR,EU/CEABT,DACH,270624,35151,1095517,1941,49615,45783.21925,539086,0,0,Dv360
DE,DATAROMA_DE_3,DATAROMA_DE_1,DATAROMA_DE_MW_1,11/5/2024,de_kin_p11-12-vnp_mw_eu_other_brand_social_views_dir-nadr_1024_118759,10/30/2024,12/6/2024,6.909090909,278071,Kind,miscellaneous,miscellaneous,DATORAMA,DE_Kind_mw_eur_Dv360_3,bid-adr,de_kin_p11-12-vnp_mw_eu_other_brand_social,kind,MW,social,brand,views,102024,3,DE_ESS_MARS_MW_Kind_EUR,Compliant,PROGRAMMATIC,DV360,12,GERMANY,EUR,EU/CEABT,DACH,417037,18010,1187903,2974,52847,48765.61095,657936,0,0,Dv360
DE,DATAROMA_DE_3,DATAROMA_DE_1,DATAROMA_DE_MW_1,11/10/2024,de_kin_p11-12-vnp_mw_eu_other_brand_social_views_dir-nadr_1024_118759,10/30/2024,12/6/2024,5.7,246804,Kind,miscellaneous,miscellaneous,DATORAMA,DE_Kind_mw_eur_Dv360_3,bid-adr,de_kin_p11-12-vnp_mw_eu_other_brand_social,kind,MW,social,brand,views,102024,3,DE_ESS_MARS_MW_Kind_EUR,Compliant,PROGRAMMATIC,DV360,12,GERMANY,EUR,EU/CEABT,DACH,266673,43717,957722,2492,34967,32266.48851,583430,0,0,Dv360
DE,DATAROMA_DE_3,DATAROMA_DE_1,DATAROMA_DE_MW_1,11/23/2024,de_kin_p11-12-vnp_mw_eu_other_brand_social_views_dir-nadr_1024_118759,10/30/2024,12/6/2024,6,351493,Kind,miscellaneous,miscellaneous,DATORAMA,DE_Kind_mw_eur_Dv360_3,bid-adr,de_kin_p11-12-vnp_mw_eu_other_brand_social,kind,MW,social,brand,views,102024,3,DE_ESS_MARS_MW_Kind_EUR,Compliant,PROGRAMMATIC,DV360,12,GERMANY,EUR,EU/CEABT,DACH,180014,20203,961056,1440,43264,39922.70881,396896,0,0,Dv360
DE,DATAROMA_DE_3,DATAROMA_DE_1,DATAROMA_DE_MW_1,11/27/2024,de_kin_p11-12-vnp_mw_eu_other_brand_social_views_dir-nadr_1024_118759,10/30/2024,12/6/2024,6.666666667,253162,Kind,miscellaneous,miscellaneous,DATORAMA,DE_Kind_mw_eur_Dv360_3,bid-adr,de_kin_p11-12-vnp_mw_eu_other_brand_social,kind,MW,social,brand,views,102024,3,DE_ESS_MARS_MW_Kind_EUR,Compliant,PROGRAMMATIC,DV360,12,GERMANY,EUR,EU/CEABT,DACH,104423,23884,760126,1306,37758,34841.93878,328267,0,0,Dv360
DE,DATAROMA_DE_3,DATAROMA_DE_1,DATAROMA_DE_MW_1,10/31/2024,de_kin_p11-12-vnp_mw_eu_other_brand_social_views_dir-nadr_1024_118759,10/30/2024,12/6/2024,7.571428571,272814,Kind,miscellaneous,miscellaneous,DATORAMA,DE_Kind_mw_eur_Dv360_3,bid-adr,de_kin_p11-12-vnp_mw_eu_other_brand_social,kind,MW,social,brand,views,102024,3,DE_ESS_MARS_MW_Kind_EUR,Compliant,PROGRAMMATIC,DV360,11,GERMANY,EUR,EU/CEABT,DACH,202394,38816,1186153,3368,45161,41673.20295,587081,0,0,Dv360
DE,DATAROMA_DE_3,DATAROMA_DE_1,DATAROMA_DE_MW_1,11/24/2024,de_kin_p11-12-vnp_mw_eu_other_brand_social_views_dir-nadr_1024_118759,10/30/2024,12/6/2024,7,265156,Kind,miscellaneous,miscellaneous,DATORAMA,DE_Kind_mw_eur_Dv360_3,bid-adr,de_kin_p11-12-vnp_mw_eu_other_brand_social,kind,MW,social,brand,views,102024,3,DE_ESS_MARS_MW_Kind_EUR,Compliant,PROGRAMMATIC,DV360,12,GERMANY,EUR,EU/CEABT,DACH,473516,39697,1544182,6236,72385,66794.68558,937815,0,0,Dv360
DE,DATAROMA_DE_3,DATAROMA_DE_1,DATAROMA_DE_MW_1,11/3/2024,de_kin_p11-12-vnp_mw_eu_other_brand_social_views_dir-nadr_1024_118759,10/30/2024,12/6/2024,5.272727273,296858,Kind,miscellaneous,miscellaneous,DATORAMA,DE_Kind_mw_eur_Dv360_3,bid-adr,de_kin_p11-12-vnp_mw_eu_other_brand_social,kind,MW,social,brand,views,102024,3,DE_ESS_MARS_MW_Kind_EUR,Compliant,PROGRAMMATIC,DV360,12,GERMANY,EUR,EU/CEABT,DACH,254003,24380,946757,1629,36945,34091.727,434145,0,0,Dv360
DE,DATAROMA_DE_3,DATAROMA_DE_1,DATAROMA_DE_MW_1,11/19/2024,de_kin_p11-12-vnp_mw_eu_other_brand_social_views_dir-nadr_1024_118759,10/30/2024,12/6/2024,9.142857143,57637,Kind,miscellaneous,miscellaneous,DATORAMA,DE_Kind_mw_eur_Dv360_3,bid-adr,de_kin_p11-12-vnp_mw_eu_other_brand_social,kind,MW,social,brand,views,102024,3,DE_ESS_MARS_MW_Kind_EUR,Compliant,PROGRAMMATIC,DV360,12,GERMANY,EUR,EU/CEABT,DACH,79804,2944,522946,622,31353,28931.59877,148885,0,0,Dv360
DE,DATAROMA_DE_3,DATAROMA_DE_1,DATAROMA_DE_MW_1,11/26/2024,de_kin_p11-12-vnp_mw_eu_other_brand_social_views_dir-nadr_1024_118759,10/30/2024,12/6/2024,6.4,152279,Kind,miscellaneous,miscellaneous,DATORAMA,DE_Kind_mw_eur_Dv360_3,bid-adr,de_kin_p11-12-vnp_mw_eu_other_brand_social,kind,MW,social,brand,views,102024,3,DE_ESS_MARS_MW_Kind_EUR,Compliant,PROGRAMMATIC,DV360,12,GERMANY,EUR,EU/CEABT,DACH,162426,20223,683834,1880,32860,30322.21273,352462,0,0,Dv360
DE,DATAROMA_DE_3,DATAROMA_DE_1,DATAROMA_DE_MW_1,12/6/2024,de_kin_p11-12-vnp_mw_eu_other_brand_social_views_dir-nadr_1024_118759,10/30/2024,12/6/2024,7.166666667,169736,Kind,miscellaneous,miscellaneous,DATORAMA,DE_Kind_mw_eur_Dv360_3,bid-adr,de_kin_p11-12-vnp_mw_eu_other_brand_social,kind,MW,social,brand,views,102024,3,DE_ESS_MARS_MW_Kind_EUR,Compliant,PROGRAMMATIC,DV360,13,GERMANY,EUR,EU/CEABT,DACH,272931,99142,1056515,2071,39959,36872.95491,687638,0,0,Dv360
DE,DATAROMA_DE_3,DATAROMA_DE_1,DATAROMA_DE_MW_1,11/4/2024,de_kin_p11-12-vnp_mw_eu_other_brand_social_views_dir-nadr_1024_118759,10/30/2024,12/6/2024,5.923076923,316894,Kind,miscellaneous,miscellaneous,DATORAMA,DE_Kind_mw_eur_Dv360_3,bid-adr,de_kin_p11-12-vnp_mw_eu_other_brand_social,kind,MW,social,brand,views,102024,3,DE_ESS_MARS_MW_Kind_EUR,Compliant,PROGRAMMATIC,DV360,12,GERMANY,EUR,EU/CEABT,DACH,390446,71334,1406179,3762,38540,35563.54469,729385,0,0,Dv360
DE,DATAROMA_DE_3,DATAROMA_DE_1,DATAROMA_DE_MW_1,11/2/2024,de_kin_p11-12-vnp_mw_eu_other_brand_social_views_dir-nadr_1024_118759,10/30/2024,12/6/2024,6.75,135393,Kind,miscellaneous,miscellaneous,DATORAMA,DE_Kind_mw_eur_Dv360_3,bid-adr,de_kin_p11-12-vnp_mw_eu_other_brand_social,kind,MW,social,brand,views,102024,3,DE_ESS_MARS_MW_Kind_EUR,Compliant,PROGRAMMATIC,DV360,11,GERMANY,EUR,EU/CEABT,DACH,104641,13388,811997,1934,41828,38597.6115,407946,0,0,Dv360
DE,DATAROMA_DE_3,DATAROMA_DE_1,DATAROMA_DE_MW_1,11/13/2024,de_kin_p11-12-vnp_mw_eu_other_brand_social_views_dir-nadr_1024_118759,10/30/2024,12/6/2024,8.1875,191047,Kind,miscellaneous,miscellaneous,DATORAMA,DE_Kind_mw_eur_Dv360_3,bid-adr,de_kin_p11-12-vnp_mw_eu_other_brand_social,kind,MW,social,brand,views,102024,3,DE_ESS_MARS_MW_Kind_EUR,Compliant,PROGRAMMATIC,DV360,12,GERMANY,EUR,EU/CEABT,DACH,374441,60744,1521494,5606,46020,42465.86213,883868,0,0,Dv360
DE,DATAROMA_DE_3,DATAROMA_DE_1,DATAROMA_DE_MW_1,11/30/2024,de_kin_p11-12-vnp_mw_eu_other_brand_social_views_dir-nadr_1024_118759,10/30/2024,12/6/2024,4.777777778,298633,Kind,miscellaneous,miscellaneous,DATORAMA,DE_Kind_mw_eur_Dv360_3,bid-adr,de_kin_p11-12-vnp_mw_eu_other_brand_social,kind,MW,social,brand,views,102024,3,DE_ESS_MARS_MW_Kind_EUR,Compliant,PROGRAMMATIC,DV360,12,GERMANY,EUR,EU/CEABT,DACH,354661,42748,1011350,4629,34925,32227.73218,664362,0,0,Dv360
DE,DATAROMA_DE_3,DATAROMA_DE_1,DATAROMA_DE_MW_1,11/21/2024,de_kin_p11-12-vnp_mw_eu_other_brand_social_views_dir-nadr_1024_118759,10/30/2024,12/6/2024,5.625,342053,Kind,miscellaneous,miscellaneous,DATORAMA,DE_Kind_mw_eur_Dv360_3,bid-adr,de_kin_p11-12-vnp_mw_eu_other_brand_social,kind,MW,social,brand,views,102024,3,DE_ESS_MARS_MW_Kind_EUR,Compliant,PROGRAMMATIC,DV360,12,GERMANY,EUR,EU/CEABT,DACH,132758,19324,693227,1428,31430,29002.65204,312639,0,0,Dv360
DE,DATAROMA_DE_3,DATAROMA_DE_1,DATAROMA_DE_MW_1,11/29/2024,de_kin_p11-12-vnp_mw_eu_other_brand_social_views_dir-nadr_1024_118759,10/30/2024,12/6/2024,6.4,217144,Kind,miscellaneous,miscellaneous,DATORAMA,DE_Kind_mw_eur_Dv360_3,bid-adr,de_kin_p11-12-vnp_mw_eu_other_brand_social,kind,MW,social,brand,views,102024,3,DE_ESS_MARS_MW_Kind_EUR,Compliant,PROGRAMMATIC,DV360,12,GERMANY,EUR,EU/CEABT,DACH,318967,52739,738206,2746,34342,31689.75744,437128,0,0,Dv360
DE,DATAROMA_DE_3,DATAROMA_DE_1,DATAROMA_DE_MW_1,12/2/2024,de_kin_p11-12-vnp_mw_eu_other_brand_social_views_dir-nadr_1024_118759,10/30/2024,12/6/2024,4.928571429,322841,Kind,miscellaneous,miscellaneous,DATORAMA,DE_Kind_mw_eur_Dv360_3,bid-adr,de_kin_p11-12-vnp_mw_eu_other_brand_social,kind,MW,social,brand,views,102024,3,DE_ESS_MARS_MW_Kind_EUR,Compliant,PROGRAMMATIC,DV360,13,GERMANY,EUR,EU/CEABT,DACH,359291,27019,1030220,4102,54328,50132.2329,659145,0,0,Dv360
DE,DATAROMA_DE_3,DATAROMA_DE_1,DATAROMA_DE_MW_1,11/9/2024,de_kin_p11-12-vnp_mw_eu_other_brand_social_views_dir-nadr_1024_118759,10/30/2024,12/6/2024,7.5,133043,Kind,miscellaneous,miscellaneous,DATORAMA,DE_Kind_mw_eur_Dv360_3,bid-adr,de_kin_p11-12-vnp_mw_eu_other_brand_social,kind,MW,social,brand,views,102024,3,DE_ESS_MARS_MW_Kind_EUR,Compliant,PROGRAMMATIC,DV360,12,GERMANY,EUR,EU/CEABT,DACH,305923,78406,835051,1631,32366,29866.36449,500920,0,0,Dv360
DE,DATAROMA_DE_3,DATAROMA_DE_1,DATAROMA_DE_MW_1,11/8/2024,de_kin_p11-12-vnp_mw_eu_other_brand_social_views_dir-nadr_1024_118759,10/30/2024,12/6/2024,6.461538462,219507,Kind,miscellaneous,miscellaneous,DATORAMA,DE_Kind_mw_eur_Dv360_3,bid-adr,de_kin_p11-12-vnp_mw_eu_other_brand_social,kind,MW,social,brand,views,102024,3,DE_ESS_MARS_MW_Kind_EUR,Compliant,PROGRAMMATIC,DV360,12,GERMANY,EUR,EU/CEABT,DACH,396378,31564,1041855,3503,29085,26838.75706,638786,0,0,Dv360
DE,DATAROMA_DE_3,DATAROMA_DE_1,DATAROMA_DE_MW_1,12/1/2024,de_kin_p11-12-vnp_mw_eu_other_brand_social_views_dir-nadr_1024_118759,10/30/2024,12/6/2024,5.714285714,242151,Kind,miscellaneous,miscellaneous,DATORAMA,DE_Kind_mw_eur_Dv360_3,bid-adr,de_kin_p11-12-vnp_mw_eu_other_brand_social,kind,MW,social,brand,views,102024,3,DE_ESS_MARS_MW_Kind_EUR,Compliant,PROGRAMMATIC,DV360,13,GERMANY,EUR,EU/CEABT,DACH,374190,55142,935887,3562,57813,53348.08535,590547,0,0,Dv360
DE,DATAROMA_DE_3,DATAROMA_DE_1,DATAROMA_DE_MW_1,11/7/2024,de_kin_p11-12-vnp_mw_eu_other_brand_social_views_dir-nadr_1024_118759,10/30/2024,12/6/2024,6,339170,Kind,miscellaneous,miscellaneous,DATORAMA,DE_Kind_mw_eur_Dv360_3,bid-adr,de_kin_p11-12-vnp_mw_eu_other_brand_social,kind,MW,social,brand,views,102024,3,DE_ESS_MARS_MW_Kind_EUR,Compliant,PROGRAMMATIC,DV360,12,GERMANY,EUR,EU/CEABT,DACH,314302,41973,925131,3822,51161,47209.82122,493370,0,0,Dv360
DE,DATAROMA_DE_3,DATAROMA_DE_1,DATAROMA_DE_MW_1,11/20/2024,de_kin_p11-12-vnp_mw_eu_other_brand_social_views_dir-nadr_1024_118759,10/30/2024,12/6/2024,6.375,211235,Kind,miscellaneous,miscellaneous,DATORAMA,DE_Kind_mw_eur_Dv360_3,bid-adr,de_kin_p11-12-vnp_mw_eu_other_brand_social,kind,MW,social,brand,views,102024,3,DE_ESS_MARS_MW_Kind_EUR,Compliant,PROGRAMMATIC,DV360,12,GERMANY,EUR,EU/CEABT,DACH,146141,15993,688363,1724,27649,25513.65976,332704,0,0,Dv360
DE,DATAROMA_DE_3,DATAROMA_DE_1,DATAROMA_DE_MW_1,11/18/2024,de_kin_p11-12-vnp_mw_eu_other_brand_social_views_dir-nadr_1024_118759,10/30/2024,12/6/2024,6.75,188901,Kind,miscellaneous,miscellaneous,DATORAMA,DE_Kind_mw_eur_Dv360_3,bid-adr,de_kin_p11-12-vnp_mw_eu_other_brand_social,kind,MW,social,brand,views,102024,3,DE_ESS_MARS_MW_Kind_EUR,Compliant,PROGRAMMATIC,DV360,12,GERMANY,EUR,EU/CEABT,DACH,243537,21947,941058,1887,50644,46732.74928,427684,0,0,Dv360
DE,DATAROMA_DE_3,DATAROMA_DE_1,DATAROMA_DE_MW_1,11/17/2024,de_kin_p11-12-vnp_mw_eu_other_brand_social_views_dir-nadr_1024_118759,10/30/2024,12/6/2024,5.285714286,268266,Kind,miscellaneous,miscellaneous,DATORAMA,DE_Kind_mw_eur_Dv360_3,bid-adr,de_kin_p11-12-vnp_mw_eu_other_brand_social,kind,MW,social,brand,views,102024,3,DE_ESS_MARS_MW_Kind_EUR,Compliant,PROGRAMMATIC,DV360,12,GERMANY,EUR,EU/CEABT,DACH,172830,8772,818535,2806,28922,26688.3456,523412,0,0,Dv360
DE,DATAROMA_DE_14,DATAROMA_DE_1,DATAROMA_DE_MW_1,11/11/2024,de_kin_p10-11-vnp_mw_eu_other_brand_olv_views_social_0924_115504,9/30/2024,11/19/2024,7.5,71477,Kind,miscellaneous,miscellaneous,DATORAMA,DE_M&Ms_mw_eur_Dv360_5,social,de_kin_p10-11-vnp_mw_eu_other_brand_olv,kind,MW,olv,brand,views,92024,14,DE_ESS_MARS_MW_M&Ms_EUR,Compliant,PROGRAMMATIC,DV360,12,GERMANY,EUR,EU/CEABT,DACH,112617,17064,543779,2187,37402,34513.43276,233334,0,0,Dv360
DE,DATAROMA_DE_14,DATAROMA_DE_1,DATAROMA_DE_MW_1,11/8/2024,de_kin_p10-11-vnp_mw_eu_other_brand_olv_views_social_0924_115504,9/30/2024,11/19/2024,5.8,271373,Kind,miscellaneous,miscellaneous,DATORAMA,DE_M&Ms_mw_eur_Dv360_5,social,de_kin_p10-11-vnp_mw_eu_other_brand_olv,kind,MW,olv,brand,views,92024,14,DE_ESS_MARS_MW_M&Ms_EUR,Compliant,PROGRAMMATIC,DV360,12,GERMANY,EUR,EU/CEABT,DACH,132386,30509,827896,894,52565,48505.3899,360645,0,0,Dv360
DE,DATAROMA_DE_14,DATAROMA_DE_1,DATAROMA_DE_MW_1,10/4/2024,de_kin_p10-11-vnp_mw_eu_other_brand_olv_views_social_0924_115504,9/30/2024,11/19/2024,8.5,76837,Kind,miscellaneous,miscellaneous,DATORAMA,DE_M&Ms_mw_eur_Dv360_5,social,de_kin_p10-11-vnp_mw_eu_other_brand_olv,kind,MW,olv,brand,views,92024,14,DE_ESS_MARS_MW_M&Ms_EUR,Compliant,PROGRAMMATIC,DV360,10,GERMANY,EUR,EU/CEABT,DACH,127357,4734,372391,531,16752,15458.23821,165564,0,0,Dv360
DE,DATAROMA_DE_14,DATAROMA_DE_1,DATAROMA_DE_MW_1,11/10/2024,de_kin_p10-11-vnp_mw_eu_other_brand_olv_views_social_0924_115504,9/30/2024,11/19/2024,6.454545455,242238,Kind,miscellaneous,miscellaneous,DATORAMA,DE_M&Ms_mw_eur_Dv360_5,social,de_kin_p10-11-vnp_mw_eu_other_brand_olv,kind,MW,olv,brand,views,92024,14,DE_ESS_MARS_MW_M&Ms_EUR,Compliant,PROGRAMMATIC,DV360,12,GERMANY,EUR,EU/CEABT,DACH,201587,7959,909465,2134,46839,43221.61053,466563,0,0,Dv360
DE,DATAROMA_DE_14,DATAROMA_DE_1,DATAROMA_DE_MW_1,10/22/2024,de_kin_p10-11-vnp_mw_eu_other_brand_olv_views_social_0924_115504,9/30/2024,11/19/2024,8.714285714,138828,Kind,miscellaneous,miscellaneous,DATORAMA,DE_M&Ms_mw_eur_Dv360_5,social,de_kin_p10-11-vnp_mw_eu_other_brand_olv,kind,MW,olv,brand,views,92024,14,DE_ESS_MARS_MW_M&Ms_EUR,Compliant,PROGRAMMATIC,DV360,11,GERMANY,EUR,EU/CEABT,DACH,314138,21773,832434,2764,33584,30990.298,437210,0,0,Dv360
DE,DATAROMA_DE_14,DATAROMA_DE_1,DATAROMA_DE_MW_1,10/18/2024,de_kin_p10-11-vnp_mw_eu_other_brand_olv_views_social_0924_115504,9/30/2024,11/19/2024,3.857142857,546681,Kind,miscellaneous,miscellaneous,DATORAMA,DE_M&Ms_mw_eur_Dv360_5,social,de_kin_p10-11-vnp_mw_eu_other_brand_olv,kind,MW,olv,brand,views,92024,14,DE_ESS_MARS_MW_M&Ms_EUR,Compliant,PROGRAMMATIC,DV360,11,GERMANY,EUR,EU/CEABT,DACH,412492,11994,1226520,2961,46520,42927.24699,658741,0,0,Dv360
DE,DATAROMA_DE_14,DATAROMA_DE_1,DATAROMA_DE_MW_1,11/2/2024,de_kin_p10-11-vnp_mw_eu_other_brand_olv_views_social_0924_115504,9/30/2024,11/19/2024,5.625,218053,Kind,miscellaneous,miscellaneous,DATORAMA,DE_M&Ms_mw_eur_Dv360_5,social,de_kin_p10-11-vnp_mw_eu_other_brand_olv,kind,MW,olv,brand,views,92024,14,DE_ESS_MARS_MW_M&Ms_EUR,Compliant,PROGRAMMATIC,DV360,11,GERMANY,EUR,EU/CEABT,DACH,217948,8196,735720,1423,28118,25946.43876,265938,0,0,Dv360
DE,DATAROMA_DE_14,DATAROMA_DE_1,DATAROMA_DE_MW_1,11/19/2024,de_kin_p10-11-vnp_mw_eu_other_brand_olv_views_social_0924_115504,9/30/2024,11/19/2024,4,207135,Kind,miscellaneous,miscellaneous,DATORAMA,DE_M&Ms_mw_eur_Dv360_5,social,de_kin_p10-11-vnp_mw_eu_other_brand_olv,kind,MW,olv,brand,views,92024,14,DE_ESS_MARS_MW_M&Ms_EUR,Compliant,PROGRAMMATIC,DV360,12,GERMANY,EUR,EU/CEABT,DACH,224548,26617,712964,2838,44702,41249.65165,468189,0,0,Dv360
DE,DATAROMA_DE_14,DATAROMA_DE_1,DATAROMA_DE_MW_1,10/29/2024,de_kin_p10-11-vnp_mw_eu_other_brand_olv_views_social_0924_115504,9/30/2024,11/19/2024,5.944444444,432830,Kind,miscellaneous,miscellaneous,DATORAMA,DE_M&Ms_mw_eur_Dv360_5,social,de_kin_p10-11-vnp_mw_eu_other_brand_olv,kind,MW,olv,brand,views,92024,14,DE_ESS_MARS_MW_M&Ms_EUR,Compliant,PROGRAMMATIC,DV360,11,GERMANY,EUR,EU/CEABT,DACH,501148,42987,1538371,3494,92991,85809.27827,737164,0,0,Dv360
DE,DATAROMA_DE_14,DATAROMA_DE_1,DATAROMA_DE_MW_1,10/30/2024,de_kin_p10-11-vnp_mw_eu_other_brand_olv_views_social_0924_115504,9/30/2024,11/19/2024,5.555555556,183098,Kind,miscellaneous,miscellaneous,DATORAMA,DE_M&Ms_mw_eur_Dv360_5,social,de_kin_p10-11-vnp_mw_eu_other_brand_olv,kind,MW,olv,brand,views,92024,14,DE_ESS_MARS_MW_M&Ms_EUR,Compliant,PROGRAMMATIC,DV360,11,GERMANY,EUR,EU/CEABT,DACH,223547,26855,634704,2445,20556,18968.45419,470935,0,0,Dv360
DE,DATAROMA_DE_14,DATAROMA_DE_1,DATAROMA_DE_MW_1,11/18/2024,de_kin_p10-11-vnp_mw_eu_other_brand_olv_views_social_0924_115504,9/30/2024,11/19/2024,5.272727273,269952,Kind,miscellaneous,miscellaneous,DATORAMA,DE_M&Ms_mw_eur_Dv360_5,social,de_kin_p10-11-vnp_mw_eu_other_brand_olv,kind,MW,olv,brand,views,92024,14,DE_ESS_MARS_MW_M&Ms_EUR,Compliant,PROGRAMMATIC,DV360,12,GERMANY,EUR,EU/CEABT,DACH,98192,25806,623479,1496,36025,33242.77886,235466,0,0,Dv360
DE,DATAROMA_DE_14,DATAROMA_DE_1,DATAROMA_DE_MW_1,10/13/2024,de_kin_p10-11-vnp_mw_eu_other_brand_olv_views_social_0924_115504,9/30/2024,11/19/2024,9.5,29280,Kind,miscellaneous,miscellaneous,DATORAMA,DE_M&Ms_mw_eur_Dv360_5,social,de_kin_p10-11-vnp_mw_eu_other_brand_olv,kind,MW,olv,brand,views,92024,14,DE_ESS_MARS_MW_M&Ms_EUR,Compliant,PROGRAMMATIC,DV360,11,GERMANY,EUR,EU/CEABT,DACH,24750,3584,262177,224,12060,11128.60272,51957,0,0,Dv360
DE,DATAROMA_DE_14,DATAROMA_DE_1,DATAROMA_DE_MW_1,10/27/2024,de_kin_p10-11-vnp_mw_eu_other_brand_olv_views_social_0924_115504,9/30/2024,11/19/2024,6,313336,Kind,miscellaneous,miscellaneous,DATORAMA,DE_M&Ms_mw_eur_Dv360_5,social,de_kin_p10-11-vnp_mw_eu_other_brand_olv,kind,MW,olv,brand,views,92024,14,DE_ESS_MARS_MW_M&Ms_EUR,Compliant,PROGRAMMATIC,DV360,11,GERMANY,EUR,EU/CEABT,DACH,201537,3172,810593,1374,31676,29229.65339,418938,0,0,Dv360
DE,DATAROMA_DE_14,DATAROMA_DE_1,DATAROMA_DE_MW_1,10/25/2024,de_kin_p10-11-vnp_mw_eu_other_brand_olv_views_social_0924_115504,9/30/2024,11/19/2024,5.625,371356,Kind,miscellaneous,miscellaneous,DATORAMA,DE_M&Ms_mw_eur_Dv360_5,social,de_kin_p10-11-vnp_mw_eu_other_brand_olv,kind,MW,olv,brand,views,92024,14,DE_ESS_MARS_MW_M&Ms_EUR,Compliant,PROGRAMMATIC,DV360,11,GERMANY,EUR,EU/CEABT,DACH,267419,8611,769517,2618,33864,31248.67352,507029,0,0,Dv360
DE,DATAROMA_DE_14,DATAROMA_DE_1,DATAROMA_DE_MW_1,10/15/2024,de_kin_p10-11-vnp_mw_eu_other_brand_olv_views_social_0924_115504,9/30/2024,11/19/2024,7.75,117247,Kind,miscellaneous,miscellaneous,DATORAMA,DE_M&Ms_mw_eur_Dv360_5,social,de_kin_p10-11-vnp_mw_eu_other_brand_olv,kind,MW,olv,brand,views,92024,14,DE_ESS_MARS_MW_M&Ms_EUR,Compliant,PROGRAMMATIC,DV360,11,GERMANY,EUR,EU/CEABT,DACH,261599,13055,701788,1667,28506,26304.4734,323019,0,0,Dv360
DE,DATAROMA_DE_14,DATAROMA_DE_1,DATAROMA_DE_MW_1,10/1/2024,de_kin_p10-11-vnp_mw_eu_other_brand_olv_views_social_0924_115504,9/30/2024,11/19/2024,5,165566,Kind,miscellaneous,miscellaneous,DATORAMA,DE_M&Ms_mw_eur_Dv360_5,social,de_kin_p10-11-vnp_mw_eu_other_brand_olv,kind,MW,olv,brand,views,92024,14,DE_ESS_MARS_MW_M&Ms_EUR,Compliant,PROGRAMMATIC,DV360,10,GERMANY,EUR,EU/CEABT,DACH,71859,2018,426184,945,13371,12338.35382,154732,0,0,Dv360
DE,DATAROMA_DE_14,DATAROMA_DE_1,DATAROMA_DE_MW_1,11/4/2024,de_kin_p10-11-vnp_mw_eu_other_brand_olv_views_social_0924_115504,9/30/2024,11/19/2024,5.4,141262,Kind,miscellaneous,miscellaneous,DATORAMA,DE_M&Ms_mw_eur_Dv360_5,social,de_kin_p10-11-vnp_mw_eu_other_brand_olv,kind,MW,olv,brand,views,92024,14,DE_ESS_MARS_MW_M&Ms_EUR,Compliant,PROGRAMMATIC,DV360,12,GERMANY,EUR,EU/CEABT,DACH,63953,8279,311190,479,12278,11329.76652,128504,0,0,Dv360
DE,DATAROMA_DE_14,DATAROMA_DE_1,DATAROMA_DE_MW_1,10/12/2024,de_kin_p10-11-vnp_mw_eu_other_brand_olv_views_social_0924_115504,9/30/2024,11/19/2024,7.357142857,146901,Kind,miscellaneous,miscellaneous,DATORAMA,DE_M&Ms_mw_eur_Dv360_5,social,de_kin_p10-11-vnp_mw_eu_other_brand_olv,kind,MW,olv,brand,views,92024,14,DE_ESS_MARS_MW_M&Ms_EUR,Compliant,PROGRAMMATIC,DV360,11,GERMANY,EUR,EU/CEABT,DACH,124065,32823,991025,2163,60362,55700.22534,529830,0,0,Dv360
DE,DATAROMA_DE_14,DATAROMA_DE_1,DATAROMA_DE_MW_1,10/11/2024,de_kin_p10-11-vnp_mw_eu_other_brand_olv_views_social_0924_115504,9/30/2024,11/19/2024,8,53995,Kind,miscellaneous,miscellaneous,DATORAMA,DE_M&Ms_mw_eur_Dv360_5,social,de_kin_p10-11-vnp_mw_eu_other_brand_olv,kind,MW,olv,brand,views,92024,14,DE_ESS_MARS_MW_M&Ms_EUR,Compliant,PROGRAMMATIC,DV360,11,GERMANY,EUR,EU/CEABT,DACH,94152,10275,375012,720,20233,18670.39958,149001,0,0,Dv360
DE,DATAROMA_DE_14,DATAROMA_DE_1,DATAROMA_DE_MW_1,10/2/2024,de_kin_p10-11-vnp_mw_eu_other_brand_olv_views_social_0924_115504,9/30/2024,11/19/2024,7,123195,Kind,miscellaneous,miscellaneous,DATORAMA,DE_M&Ms_mw_eur_Dv360_5,social,de_kin_p10-11-vnp_mw_eu_other_brand_olv,kind,MW,olv,brand,views,92024,14,DE_ESS_MARS_MW_M&Ms_EUR,Compliant,PROGRAMMATIC,DV360,10,GERMANY,EUR,EU/CEABT,DACH,117042,1451,685020,1698,27412,25294.96334,327540,0,0,Dv360
DE,DATAROMA_DE_14,DATAROMA_DE_1,DATAROMA_DE_MW_1,11/12/2024,de_kin_p10-11-vnp_mw_eu_other_brand_olv_views_social_0924_115504,9/30/2024,11/19/2024,9.166666667,83312,Kind,miscellaneous,miscellaneous,DATORAMA,DE_M&Ms_mw_eur_Dv360_5,social,de_kin_p10-11-vnp_mw_eu_other_brand_olv,kind,MW,olv,brand,views,92024,14,DE_ESS_MARS_MW_M&Ms_EUR,Compliant,PROGRAMMATIC,DV360,12,GERMANY,EUR,EU/CEABT,DACH,112206,29562,700935,1447,31184,28775.65069,192346,0,0,Dv360
DE,DATAROMA_DE_14,DATAROMA_DE_1,DATAROMA_DE_MW_1,11/13/2024,de_kin_p10-11-vnp_mw_eu_other_brand_olv_views_social_0924_115504,9/30/2024,11/19/2024,7.25,250294,Kind,miscellaneous,miscellaneous,DATORAMA,DE_M&Ms_mw_eur_Dv360_5,social,de_kin_p10-11-vnp_mw_eu_other_brand_olv,kind,MW,olv,brand,views,92024,14,DE_ESS_MARS_MW_M&Ms_EUR,Compliant,PROGRAMMATIC,DV360,12,GERMANY,EUR,EU/CEABT,DACH,192207,30494,1403316,2591,49423,45606.04746,497954,0,0,Dv360
DE,DATAROMA_DE_14,DATAROMA_DE_1,DATAROMA_DE_MW_1,11/6/2024,de_kin_p10-11-vnp_mw_eu_other_brand_olv_views_social_0924_115504,9/30/2024,11/19/2024,7.090909091,139542,Kind,miscellaneous,miscellaneous,DATORAMA,DE_M&Ms_mw_eur_Dv360_5,social,de_kin_p10-11-vnp_mw_eu_other_brand_olv,kind,MW,olv,brand,views,92024,14,DE_ESS_MARS_MW_M&Ms_EUR,Compliant,PROGRAMMATIC,DV360,12,GERMANY,EUR,EU/CEABT,DACH,161381,6291,862099,1580,35163,32447.35137,383527,0,0,Dv360
DE,DATAROMA_DE_14,DATAROMA_DE_1,DATAROMA_DE_MW_1,10/7/2024,de_kin_p10-11-vnp_mw_eu_other_brand_olv_views_social_0924_115504,9/30/2024,11/19/2024,7.9,117282,Kind,miscellaneous,miscellaneous,DATORAMA,DE_M&Ms_mw_eur_Dv360_5,social,de_kin_p10-11-vnp_mw_eu_other_brand_olv,kind,MW,olv,brand,views,92024,14,DE_ESS_MARS_MW_M&Ms_EUR,Compliant,PROGRAMMATIC,DV360,11,GERMANY,EUR,EU/CEABT,DACH,327393,34379,894229,3317,42628,39335.82727,583858,0,0,Dv360
DE,DATAROMA_DE_14,DATAROMA_DE_1,DATAROMA_DE_MW_1,10/24/2024,de_kin_p10-11-vnp_mw_eu_other_brand_olv_views_social_0924_115504,9/30/2024,11/19/2024,5.5,184812,Kind,miscellaneous,miscellaneous,DATORAMA,DE_M&Ms_mw_eur_Dv360_5,social,de_kin_p10-11-vnp_mw_eu_other_brand_olv,kind,MW,olv,brand,views,92024,14,DE_ESS_MARS_MW_M&Ms_EUR,Compliant,PROGRAMMATIC,DV360,11,GERMANY,EUR,EU/CEABT,DACH,89997,38007,421283,469,23824,21984.06561,223539,0,0,Dv360
DE,DATAROMA_DE_14,DATAROMA_DE_1,DATAROMA_DE_MW_1,10/6/2024,de_kin_p10-11-vnp_mw_eu_other_brand_olv_views_social_0924_115504,9/30/2024,11/19/2024,7,228898,Kind,miscellaneous,miscellaneous,DATORAMA,DE_M&Ms_mw_eur_Dv360_5,social,de_kin_p10-11-vnp_mw_eu_other_brand_olv,kind,MW,olv,brand,views,92024,14,DE_ESS_MARS_MW_M&Ms_EUR,Compliant,PROGRAMMATIC,DV360,11,GERMANY,EUR,EU/CEABT,DACH,460996,66435,1182844,3165,37069,34206.15045,732006,0,0,Dv360
DE,DATAROMA_DE_14,DATAROMA_DE_1,DATAROMA_DE_MW_1,10/16/2024,de_kin_p10-11-vnp_mw_eu_other_brand_olv_views_social_0924_115504,9/30/2024,11/19/2024,7.25,72208,Kind,miscellaneous,miscellaneous,DATORAMA,DE_M&Ms_mw_eur_Dv360_5,social,de_kin_p10-11-vnp_mw_eu_other_brand_olv,kind,MW,olv,brand,views,92024,14,DE_ESS_MARS_MW_M&Ms_EUR,Compliant,PROGRAMMATIC,DV360,11,GERMANY,EUR,EU/CEABT,DACH,58239,24740,505410,1669,20594,19003.51944,259651,0,0,Dv360
DE,DATAROMA_DE_14,DATAROMA_DE_1,DATAROMA_DE_MW_1,10/17/2024,de_kin_p10-11-vnp_mw_eu_other_brand_olv_views_social_0924_115504,9/30/2024,11/19/2024,7.4,87985,Kind,miscellaneous,miscellaneous,DATORAMA,DE_M&Ms_mw_eur_Dv360_5,social,de_kin_p10-11-vnp_mw_eu_other_brand_olv,kind,MW,olv,brand,views,92024,14,DE_ESS_MARS_MW_M&Ms_EUR,Compliant,PROGRAMMATIC,DV360,11,GERMANY,EUR,EU/CEABT,DACH,214241,16822,593123,1768,18038,16644.92006,376523,0,0,Dv360
DE,DATAROMA_DE_14,DATAROMA_DE_1,DATAROMA_DE_MW_1,11/15/2024,de_kin_p10-11-vnp_mw_eu_other_brand_olv_views_social_0924_115504,9/30/2024,11/19/2024,5.714285714,138052,Kind,miscellaneous,miscellaneous,DATORAMA,DE_M&Ms_mw_eur_Dv360_5,social,de_kin_p10-11-vnp_mw_eu_other_brand_olv,kind,MW,olv,brand,views,92024,14,DE_ESS_MARS_MW_M&Ms_EUR,Compliant,PROGRAMMATIC,DV360,12,GERMANY,EUR,EU/CEABT,DACH,94837,2662,522098,836,15385,14196.81202,216581,0,0,Dv360
DE,DATAROMA_DE_14,DATAROMA_DE_1,DATAROMA_DE_MW_1,10/23/2024,de_kin_p10-11-vnp_mw_eu_other_brand_olv_views_social_0924_115504,9/30/2024,11/19/2024,6.666666667,178622,Kind,miscellaneous,miscellaneous,DATORAMA,DE_M&Ms_mw_eur_Dv360_5,social,de_kin_p10-11-vnp_mw_eu_other_brand_olv,kind,MW,olv,brand,views,92024,14,DE_ESS_MARS_MW_M&Ms_EUR,Compliant,PROGRAMMATIC,DV360,11,GERMANY,EUR,EU/CEABT,DACH,287848,32233,986898,1556,39229,36199.33302,667122,0,0,Dv360
DE,DATAROMA_DE_14,DATAROMA_DE_1,DATAROMA_DE_MW_1,10/26/2024,de_kin_p10-11-vnp_mw_eu_other_brand_olv_views_social_0924_115504,9/30/2024,11/19/2024,8,135205,Kind,miscellaneous,miscellaneous,DATORAMA,DE_M&Ms_mw_eur_Dv360_5,social,de_kin_p10-11-vnp_mw_eu_other_brand_olv,kind,MW,olv,brand,views,92024,14,DE_ESS_MARS_MW_M&Ms_EUR,Compliant,PROGRAMMATIC,DV360,11,GERMANY,EUR,EU/CEABT,DACH,314456,13138,844906,2659,23707,21876.10156,486234,0,0,Dv360
DE,DATAROMA_DE_14,DATAROMA_DE_1,DATAROMA_DE_MW_1,10/8/2024,de_kin_p10-11-vnp_mw_eu_other_brand_olv_views_social_0924_115504,9/30/2024,11/19/2024,6.428571429,197550,Kind,miscellaneous,miscellaneous,DATORAMA,DE_M&Ms_mw_eur_Dv360_5,social,de_kin_p10-11-vnp_mw_eu_other_brand_olv,kind,MW,olv,brand,views,92024,14,DE_ESS_MARS_MW_M&Ms_EUR,Compliant,PROGRAMMATIC,DV360,11,GERMANY,EUR,EU/CEABT,DACH,107379,36234,642667,1828,22096,20389.51955,360518,0,0,Dv360
DE,DATAROMA_DE_14,DATAROMA_DE_1,DATAROMA_DE_MW_1,10/20/2024,de_kin_p10-11-vnp_mw_eu_other_brand_olv_views_social_0924_115504,9/30/2024,11/19/2024,6.8,273015,Kind,miscellaneous,miscellaneous,DATORAMA,DE_M&Ms_mw_eur_Dv360_5,social,de_kin_p10-11-vnp_mw_eu_other_brand_olv,kind,MW,olv,brand,views,92024,14,DE_ESS_MARS_MW_M&Ms_EUR,Compliant,PROGRAMMATIC,DV360,11,GERMANY,EUR,EU/CEABT,DACH,253443,6039,897044,2045,32898,30357.27798,372633,0,0,Dv360
DE,DATAROMA_DE_14,DATAROMA_DE_1,DATAROMA_DE_MW_1,11/5/2024,de_kin_p10-11-vnp_mw_eu_other_brand_olv_views_social_0924_115504,9/30/2024,11/19/2024,6.375,233252,Kind,miscellaneous,miscellaneous,DATORAMA,DE_M&Ms_mw_eur_Dv360_5,social,de_kin_p10-11-vnp_mw_eu_other_brand_olv,kind,MW,olv,brand,views,92024,14,DE_ESS_MARS_MW_M&Ms_EUR,Compliant,PROGRAMMATIC,DV360,12,GERMANY,EUR,EU/CEABT,DACH,155219,822,768717,1523,29652,27361.96749,320414,0,0,Dv360
DE,DATAROMA_DE_14,DATAROMA_DE_1,DATAROMA_DE_MW_1,10/9/2024,de_kin_p10-11-vnp_mw_eu_other_brand_olv_views_social_0924_115504,9/30/2024,11/19/2024,5.076923077,607950,Kind,miscellaneous,miscellaneous,DATORAMA,DE_M&Ms_mw_eur_Dv360_5,social,de_kin_p10-11-vnp_mw_eu_other_brand_olv,kind,MW,olv,brand,views,92024,14,DE_ESS_MARS_MW_M&Ms_EUR,Compliant,PROGRAMMATIC,DV360,11,GERMANY,EUR,EU/CEABT,DACH,292934,12674,1292213,2049,51283,47322.39913,420510,0,0,Dv360
DE,DATAROMA_DE_14,DATAROMA_DE_1,DATAROMA_DE_MW_1,10/10/2024,de_kin_p10-11-vnp_mw_eu_other_brand_olv_views_social_0924_115504,9/30/2024,11/19/2024,7.666666667,212782,Kind,miscellaneous,miscellaneous,DATORAMA,DE_M&Ms_mw_eur_Dv360_5,social,de_kin_p10-11-vnp_mw_eu_other_brand_olv,kind,MW,olv,brand,views,92024,14,DE_ESS_MARS_MW_M&Ms_EUR,Compliant,PROGRAMMATIC,DV360,11,GERMANY,EUR,EU/CEABT,DACH,177090,13573,920739,2787,30391,28043.89431,447337,0,0,Dv360
DE,DATAROMA_DE_22,DATAROMA_DE_1,DATAROMA_DE_MW_1,9/14/2024,de_kin_p9-10-vnp_mw_eu_other_brand_social_na_dir-nadr_0824_118629,8/19/2024,9/18/2024,7.142857143,316465,Kind,miscellaneous,miscellaneous,DATORAMA,DE_Twix_mw_eur_Dv360_4,na,de_kin_p9-10-vnp_mw_eu_other_brand_social,kind,MW,social,brand,na,82024,22,DE_ESS_MARS_MW_Twix_EUR,Compliant,PROGRAMMATIC,DV360,10,GERMANY,EUR,EU/CEABT,DACH,214323,8731,1135321,2046,50540,46636.78123,398825,0,0,Dv360
DE,DATAROMA_DE_22,DATAROMA_DE_1,DATAROMA_DE_MW_1,9/1/2024,de_kin_p9-10-vnp_mw_eu_other_brand_social_na_dir-nadr_0824_118629,8/19/2024,9/18/2024,6.916666667,280789,Kind,miscellaneous,miscellaneous,DATORAMA,DE_Twix_mw_eur_Dv360_4,na,de_kin_p9-10-vnp_mw_eu_other_brand_social,kind,MW,social,brand,na,82024,22,DE_ESS_MARS_MW_Twix_EUR,Compliant,PROGRAMMATIC,DV360,9,GERMANY,EUR,EU/CEABT,DACH,367891,48136,1154975,2161,54192,50006.73622,693838,0,0,Dv360
DE,DATAROMA_DE_22,DATAROMA_DE_1,DATAROMA_DE_MW_1,8/26/2024,de_kin_p9-10-vnp_mw_eu_other_brand_social_na_dir-nadr_0824_118629,8/19/2024,9/18/2024,6.153846154,228620,Kind,miscellaneous,miscellaneous,DATORAMA,DE_Twix_mw_eur_Dv360_4,na,de_kin_p9-10-vnp_mw_eu_other_brand_social,kind,MW,social,brand,na,82024,22,DE_ESS_MARS_MW_Twix_EUR,Compliant,PROGRAMMATIC,DV360,9,GERMANY,EUR,EU/CEABT,DACH,144233,10194,570145,545,47165,43522.43345,229098,0,0,Dv360
DE,DATAROMA_DE_22,DATAROMA_DE_1,DATAROMA_DE_MW_1,9/8/2024,de_kin_p9-10-vnp_mw_eu_other_brand_social_na_dir-nadr_0824_118629,8/19/2024,9/18/2024,6.5,570377,Kind,miscellaneous,miscellaneous,DATORAMA,DE_Twix_mw_eur_Dv360_4,na,de_kin_p9-10-vnp_mw_eu_other_brand_social,kind,MW,social,brand,na,82024,22,DE_ESS_MARS_MW_Twix_EUR,Compliant,PROGRAMMATIC,DV360,10,GERMANY,EUR,EU/CEABT,DACH,501240,32239,2318363,4090,71524,66000.18086,868978,0,0,Dv360
DE,DATAROMA_DE_22,DATAROMA_DE_1,DATAROMA_DE_MW_1,9/18/2024,de_kin_p9-10-vnp_mw_eu_other_brand_social_na_dir-nadr_0824_118629,8/19/2024,9/18/2024,6.882352941,309848,Kind,miscellaneous,miscellaneous,DATORAMA,DE_Twix_mw_eur_Dv360_4,na,de_kin_p9-10-vnp_mw_eu_other_brand_social,kind,MW,social,brand,na,82024,22,DE_ESS_MARS_MW_Twix_EUR,Compliant,PROGRAMMATIC,DV360,10,GERMANY,EUR,EU/CEABT,DACH,291736,46232,1080547,2883,61096,56377.53831,610462,0,0,Dv360
DE,DATAROMA_DE_22,DATAROMA_DE_1,DATAROMA_DE_MW_1,9/9/2024,de_kin_p9-10-vnp_mw_eu_other_brand_social_na_dir-nadr_0824_118629,8/19/2024,9/18/2024,6.736842105,230003,Kind,miscellaneous,miscellaneous,DATORAMA,DE_Twix_mw_eur_Dv360_4,na,de_kin_p9-10-vnp_mw_eu_other_brand_social,kind,MW,social,brand,na,82024,22,DE_ESS_MARS_MW_Twix_EUR,Compliant,PROGRAMMATIC,DV360,10,GERMANY,EUR,EU/CEABT,DACH,258456,20547,1366432,2746,64108,59156.92068,567909,0,0,Dv360
DE,DATAROMA_DE_22,DATAROMA_DE_1,DATAROMA_DE_MW_1,9/12/2024,de_kin_p9-10-vnp_mw_eu_other_brand_social_na_dir-nadr_0824_118629,8/19/2024,9/18/2024,5.944444444,488880,Kind,miscellaneous,miscellaneous,DATORAMA,DE_Twix_mw_eur_Dv360_4,na,de_kin_p9-10-vnp_mw_eu_other_brand_social,kind,MW,social,brand,na,82024,22,DE_ESS_MARS_MW_Twix_EUR,Compliant,PROGRAMMATIC,DV360,10,GERMANY,EUR,EU/CEABT,DACH,417087,18733,1456189,4546,50970,47033.57221,665504,0,0,Dv360
DE,DATAROMA_DE_22,DATAROMA_DE_1,DATAROMA_DE_MW_1,8/31/2024,de_kin_p9-10-vnp_mw_eu_other_brand_social_na_dir-nadr_0824_118629,8/19/2024,9/18/2024,5,326390,Kind,miscellaneous,miscellaneous,DATORAMA,DE_Twix_mw_eur_Dv360_4,na,de_kin_p9-10-vnp_mw_eu_other_brand_social,kind,MW,social,brand,na,82024,22,DE_ESS_MARS_MW_Twix_EUR,Compliant,PROGRAMMATIC,DV360,9,GERMANY,EUR,EU/CEABT,DACH,205847,17437,976362,1351,50823,46897.92506,424475,0,0,Dv360
DE,DATAROMA_DE_22,DATAROMA_DE_1,DATAROMA_DE_MW_1,9/13/2024,de_kin_p9-10-vnp_mw_eu_other_brand_social_na_dir-nadr_0824_118629,8/19/2024,9/18/2024,5.8,277212,Kind,miscellaneous,miscellaneous,DATORAMA,DE_Twix_mw_eur_Dv360_4,na,de_kin_p9-10-vnp_mw_eu_other_brand_social,kind,MW,social,brand,na,82024,22,DE_ESS_MARS_MW_Twix_EUR,Compliant,PROGRAMMATIC,DV360,10,GERMANY,EUR,EU/CEABT,DACH,219909,41327,1020384,2316,31475,29044.17668,391738,0,0,Dv360
DE,DATAROMA_DE_22,DATAROMA_DE_1,DATAROMA_DE_MW_1,8/20/2024,de_kin_p9-10-vnp_mw_eu_other_brand_social_na_dir-nadr_0824_118629,8/19/2024,9/18/2024,7,274393,Kind,miscellaneous,miscellaneous,DATORAMA,DE_Twix_mw_eur_Dv360_4,na,de_kin_p9-10-vnp_mw_eu_other_brand_social,kind,MW,social,brand,na,82024,22,DE_ESS_MARS_MW_Twix_EUR,Compliant,PROGRAMMATIC,DV360,9,GERMANY,EUR,EU/CEABT,DACH,378062,47222,1499804,4587,84316,77804.25102,768124,0,0,Dv360
DE,DATAROMA_DE_22,DATAROMA_DE_1,DATAROMA_DE_MW_1,8/22/2024,de_kin_p9-10-vnp_mw_eu_other_brand_social_na_dir-nadr_0824_118629,8/19/2024,9/18/2024,6.222222222,164027,Kind,miscellaneous,miscellaneous,DATORAMA,DE_Twix_mw_eur_Dv360_4,na,de_kin_p9-10-vnp_mw_eu_other_brand_social,kind,MW,social,brand,na,82024,22,DE_ESS_MARS_MW_Twix_EUR,Compliant,PROGRAMMATIC,DV360,9,GERMANY,EUR,EU/CEABT,DACH,126180,46748,756348,2028,33979,31354.79204,367771,0,0,Dv360
DE,DATAROMA_DE_22,DATAROMA_DE_1,DATAROMA_DE_MW_1,9/10/2024,de_kin_p9-10-vnp_mw_eu_other_brand_social_na_dir-nadr_0824_118629,8/19/2024,9/18/2024,7,225118,Kind,miscellaneous,miscellaneous,DATORAMA,DE_Twix_mw_eur_Dv360_4,na,de_kin_p9-10-vnp_mw_eu_other_brand_social,kind,MW,social,brand,na,82024,22,DE_ESS_MARS_MW_Twix_EUR,Compliant,PROGRAMMATIC,DV360,10,GERMANY,EUR,EU/CEABT,DACH,405517,16648,1302473,3190,53825,49668.07973,624379,0,0,Dv360
DE,DATAROMA_DE_22,DATAROMA_DE_1,DATAROMA_DE_MW_1,8/25/2024,de_kin_p9-10-vnp_mw_eu_other_brand_social_na_dir-nadr_0824_118629,8/19/2024,9/18/2024,7.363636364,240568,Kind,miscellaneous,miscellaneous,DATORAMA,DE_Twix_mw_eur_Dv360_4,na,de_kin_p9-10-vnp_mw_eu_other_brand_social,kind,MW,social,brand,na,82024,22,DE_ESS_MARS_MW_Twix_EUR,Compliant,PROGRAMMATIC,DV360,9,GERMANY,EUR,EU/CEABT,DACH,347110,9805,1206098,3111,44325,40901.76747,494447,0,0,Dv360
DE,DATAROMA_DE_22,DATAROMA_DE_1,DATAROMA_DE_MW_1,9/15/2024,de_kin_p9-10-vnp_mw_eu_other_brand_social_na_dir-nadr_0824_118629,8/19/2024,9/18/2024,6.5,163375,Kind,miscellaneous,miscellaneous,DATORAMA,DE_Twix_mw_eur_Dv360_4,na,de_kin_p9-10-vnp_mw_eu_other_brand_social,kind,MW,social,brand,na,82024,22,DE_ESS_MARS_MW_Twix_EUR,Compliant,PROGRAMMATIC,DV360,10,GERMANY,EUR,EU/CEABT,DACH,338508,13382,954634,2944,37309,34427.61518,493551,0,0,Dv360
DE,DATAROMA_DE_22,DATAROMA_DE_1,DATAROMA_DE_MW_1,8/24/2024,de_kin_p9-10-vnp_mw_eu_other_brand_social_na_dir-nadr_0824_118629,8/19/2024,9/18/2024,7.538461538,270710,Kind,miscellaneous,miscellaneous,DATORAMA,DE_Twix_mw_eur_Dv360_4,na,de_kin_p9-10-vnp_mw_eu_other_brand_social,kind,MW,social,brand,na,82024,22,DE_ESS_MARS_MW_Twix_EUR,Compliant,PROGRAMMATIC,DV360,9,GERMANY,EUR,EU/CEABT,DACH,468368,44870,1351584,3300,46359,42778.68107,755201,0,0,Dv360
DE,DATAROMA_DE_22,DATAROMA_DE_1,DATAROMA_DE_MW_1,8/19/2024,de_kin_p9-10-vnp_mw_eu_other_brand_social_na_dir-nadr_0824_118629,8/19/2024,9/18/2024,7,133303,Kind,miscellaneous,miscellaneous,DATORAMA,DE_Twix_mw_eur_Dv360_4,na,de_kin_p9-10-vnp_mw_eu_other_brand_social,kind,MW,social,brand,na,82024,22,DE_ESS_MARS_MW_Twix_EUR,Compliant,PROGRAMMATIC,DV360,9,GERMANY,EUR,EU/CEABT,DACH,234180,50066,777654,2353,29107,26859.058,481107,2023028.339,1866789.277,Dv360
DE,DATAROMA_DE_22,DATAROMA_DE_1,DATAROMA_DE_MW_1,8/28/2024,de_kin_p9-10-vnp_mw_eu_other_brand_social_na_dir-nadr_0824_118629,8/19/2024,9/18/2024,6.5,317505,Kind,miscellaneous,miscellaneous,DATORAMA,DE_Twix_mw_eur_Dv360_4,na,de_kin_p9-10-vnp_mw_eu_other_brand_social,kind,MW,social,brand,na,82024,22,DE_ESS_MARS_MW_Twix_EUR,Compliant,PROGRAMMATIC,DV360,9,GERMANY,EUR,EU/CEABT,DACH,506004,78417,1729976,4966,72694,67079.82142,980464,0,0,Dv360
DE,DATAROMA_DE_22,DATAROMA_DE_1,DATAROMA_DE_MW_1,9/6/2024,de_kin_p9-10-vnp_mw_eu_other_brand_social_na_dir-nadr_0824_118629,8/19/2024,9/18/2024,5.428571429,212660,Kind,miscellaneous,miscellaneous,DATORAMA,DE_Twix_mw_eur_Dv360_4,na,de_kin_p9-10-vnp_mw_eu_other_brand_social,kind,MW,social,brand,na,82024,22,DE_ESS_MARS_MW_Twix_EUR,Compliant,PROGRAMMATIC,DV360,9,GERMANY,EUR,EU/CEABT,DACH,183936,41043,809915,2168,64176,59219.66902,470105,0,0,Dv360
DE,DATAROMA_DE_22,DATAROMA_DE_1,DATAROMA_DE_MW_1,9/4/2024,de_kin_p9-10-vnp_mw_eu_other_brand_social_na_dir-nadr_0824_118629,8/19/2024,9/18/2024,5.857142857,640511,Kind,miscellaneous,miscellaneous,DATORAMA,DE_Twix_mw_eur_Dv360_4,na,de_kin_p9-10-vnp_mw_eu_other_brand_social,kind,MW,social,brand,na,82024,22,DE_ESS_MARS_MW_Twix_EUR,Compliant,PROGRAMMATIC,DV360,9,GERMANY,EUR,EU/CEABT,DACH,313705,31608,1943525,2822,65520,60459.87151,679452,0,0,Dv360
DE,DATAROMA_DE_22,DATAROMA_DE_1,DATAROMA_DE_MW_1,8/29/2024,de_kin_p9-10-vnp_mw_eu_other_brand_social_na_dir-nadr_0824_118629,8/19/2024,9/18/2024,4.7,401186,Kind,miscellaneous,miscellaneous,DATORAMA,DE_Twix_mw_eur_Dv360_4,na,de_kin_p9-10-vnp_mw_eu_other_brand_social,kind,MW,social,brand,na,82024,22,DE_ESS_MARS_MW_Twix_EUR,Compliant,PROGRAMMATIC,DV360,9,GERMANY,EUR,EU/CEABT,DACH,206874,23131,933470,2345,52834,48753.61495,432300,0,0,Dv360
DE,DATAROMA_DE_22,DATAROMA_DE_1,DATAROMA_DE_MW_1,9/7/2024,de_kin_p9-10-vnp_mw_eu_other_brand_social_na_dir-nadr_0824_118629,8/19/2024,9/18/2024,6.625,447220,Kind,miscellaneous,miscellaneous,DATORAMA,DE_Twix_mw_eur_Dv360_4,na,de_kin_p9-10-vnp_mw_eu_other_brand_social,kind,MW,social,brand,na,82024,22,DE_ESS_MARS_MW_Twix_EUR,Compliant,PROGRAMMATIC,DV360,9,GERMANY,EUR,EU/CEABT,DACH,474492,68723,1614917,4243,53975,49806.49519,832643,0,0,Dv360
DE,DATAROMA_DE_22,DATAROMA_DE_1,DATAROMA_DE_MW_1,9/11/2024,de_kin_p9-10-vnp_mw_eu_other_brand_social_na_dir-nadr_0824_118629,8/19/2024,9/18/2024,6.625,226240,Kind,miscellaneous,miscellaneous,DATORAMA,DE_Twix_mw_eur_Dv360_4,na,de_kin_p9-10-vnp_mw_eu_other_brand_social,kind,MW,social,brand,na,82024,22,DE_ESS_MARS_MW_Twix_EUR,Compliant,PROGRAMMATIC,DV360,10,GERMANY,EUR,EU/CEABT,DACH,151956,15229,1011591,2274,61921,57138.82332,395902,0,0,Dv360
DE,DATAROMA_DE_22,DATAROMA_DE_1,DATAROMA_DE_MW_1,8/27/2024,de_kin_p9-10-vnp_mw_eu_other_brand_social_na_dir-nadr_0824_118629,8/19/2024,9/18/2024,7.1,139157,Kind,miscellaneous,miscellaneous,DATORAMA,DE_Twix_mw_eur_Dv360_4,na,de_kin_p9-10-vnp_mw_eu_other_brand_social,kind,MW,social,brand,na,82024,22,DE_ESS_MARS_MW_Twix_EUR,Compliant,PROGRAMMATIC,DV360,9,GERMANY,EUR,EU/CEABT,DACH,113772,8350,729765,1812,43117,39787.06166,352173,0,0,Dv360
DE,DATAROMA_DE_22,DATAROMA_DE_1,DATAROMA_DE_MW_1,8/21/2024,de_kin_p9-10-vnp_mw_eu_other_brand_social_na_dir-nadr_0824_118629,8/19/2024,9/18/2024,5.9,226676,Kind,miscellaneous,miscellaneous,DATORAMA,DE_Twix_mw_eur_Dv360_4,na,de_kin_p9-10-vnp_mw_eu_other_brand_social,kind,MW,social,brand,na,82024,22,DE_ESS_MARS_MW_Twix_EUR,Compliant,PROGRAMMATIC,DV360,9,GERMANY,EUR,EU/CEABT,DACH,184473,19354,1089172,2029,28374,26182.6678,402659,0,0,Dv360
DE,DATAROMA_DE_30,DATAROMA_DE_1,DATAROMA_DE_MW_1,7/22/2024,de_kin_p6-7-vnp_mw_eu_other_brand_social_awareness_social_0624_112420,6/6/2024,7/22/2024,6.5,64190,Kind,miscellaneous,miscellaneous,DATORAMA,DE_5 Gum_mw_eur_Dv360_3,bid-nadr,de_kin_p6-7-vnp_mw_eu_other_brand_social,kind,MW,social,brand,awareness,62024,30,DE_ESS_MARS_MW_5 Gum_EUR,Compliant,PROGRAMMATIC,DV360,8,GERMANY,EUR,EU/CEABT,DACH,71563,9823,385410,427,29472,27195.86894,143435,0,0,Dv360
DE,DATAROMA_DE_30,DATAROMA_DE_1,DATAROMA_DE_MW_1,6/15/2024,de_kin_p6-7-vnp_mw_eu_other_brand_social_awareness_social_0624_112420,6/6/2024,7/22/2024,5.8,64354,Kind,miscellaneous,miscellaneous,DATORAMA,DE_5 Gum_mw_eur_Dv360_3,bid-nadr,de_kin_p6-7-vnp_mw_eu_other_brand_social,kind,MW,social,brand,awareness,62024,30,DE_ESS_MARS_MW_5 Gum_EUR,Compliant,PROGRAMMATIC,DV360,6,GERMANY,EUR,EU/CEABT,DACH,117231,1855,387024,1092,18175,16771.33951,238127,0,0,Dv360
DE,DATAROMA_DE_30,DATAROMA_DE_1,DATAROMA_DE_MW_1,7/3/2024,de_kin_p6-7-vnp_mw_eu_other_brand_social_awareness_social_0624_112420,6/6/2024,7/22/2024,5.75,473809,Kind,miscellaneous,miscellaneous,DATORAMA,DE_5 Gum_mw_eur_Dv360_3,bid-nadr,de_kin_p6-7-vnp_mw_eu_other_brand_social,kind,MW,social,brand,awareness,62024,30,DE_ESS_MARS_MW_5 Gum_EUR,Compliant,PROGRAMMATIC,DV360,7,GERMANY,EUR,EU/CEABT,DACH,288452,94634,1606718,4264,70595,65142.9278,794295,0,0,Dv360
DE,DATAROMA_DE_30,DATAROMA_DE_1,DATAROMA_DE_MW_1,6/19/2024,de_kin_p6-7-vnp_mw_eu_other_brand_social_awareness_social_0624_112420,6/6/2024,7/22/2024,4.8,79841,Kind,miscellaneous,miscellaneous,DATORAMA,DE_5 Gum_mw_eur_Dv360_3,bid-nadr,de_kin_p6-7-vnp_mw_eu_other_brand_social,kind,MW,social,brand,awareness,62024,30,DE_ESS_MARS_MW_5 Gum_EUR,Compliant,PROGRAMMATIC,DV360,7,GERMANY,EUR,EU/CEABT,DACH,81779,5855,259852,570,22099,20392.28786,112303,0,0,Dv360
DE,DATAROMA_DE_30,DATAROMA_DE_1,DATAROMA_DE_MW_1,7/18/2024,de_kin_p6-7-vnp_mw_eu_other_brand_social_awareness_social_0624_112420,6/6/2024,7/22/2024,7.888888889,94075,Kind,miscellaneous,miscellaneous,DATORAMA,DE_5 Gum_mw_eur_Dv360_3,bid-nadr,de_kin_p6-7-vnp_mw_eu_other_brand_social,kind,MW,social,brand,awareness,62024,30,DE_ESS_MARS_MW_5 Gum_EUR,Compliant,PROGRAMMATIC,DV360,8,GERMANY,EUR,EU/CEABT,DACH,167510,13468,551753,1799,38949,35940.9575,349209,0,0,Dv360
DE,DATAROMA_DE_30,DATAROMA_DE_1,DATAROMA_DE_MW_1,7/16/2024,de_kin_p6-7-vnp_mw_eu_other_brand_social_awareness_social_0624_112420,6/6/2024,7/22/2024,6.3,224222,Kind,miscellaneous,miscellaneous,DATORAMA,DE_5 Gum_mw_eur_Dv360_3,bid-nadr,de_kin_p6-7-vnp_mw_eu_other_brand_social,kind,MW,social,brand,awareness,62024,30,DE_ESS_MARS_MW_5 Gum_EUR,Compliant,PROGRAMMATIC,DV360,8,GERMANY,EUR,EU/CEABT,DACH,145030,20048,718341,1228,33674,31073.34727,304021,0,0,Dv360
DE,DATAROMA_DE_30,DATAROMA_DE_1,DATAROMA_DE_MW_1,7/1/2024,de_kin_p6-7-vnp_mw_eu_other_brand_social_awareness_social_0624_112420,6/6/2024,7/22/2024,6.545454545,126188,Kind,miscellaneous,miscellaneous,DATORAMA,DE_5 Gum_mw_eur_Dv360_3,bid-nadr,de_kin_p6-7-vnp_mw_eu_other_brand_social,kind,MW,social,brand,awareness,62024,30,DE_ESS_MARS_MW_5 Gum_EUR,Compliant,PROGRAMMATIC,DV360,7,GERMANY,EUR,EU/CEABT,DACH,114987,44184,751008,1481,42108,38855.98702,239721,0,0,Dv360
DE,DATAROMA_DE_30,DATAROMA_DE_1,DATAROMA_DE_MW_1,6/17/2024,de_kin_p6-7-vnp_mw_eu_other_brand_social_awareness_social_0624_112420,6/6/2024,7/22/2024,8.25,109329,Kind,miscellaneous,miscellaneous,DATORAMA,DE_5 Gum_mw_eur_Dv360_3,bid-nadr,de_kin_p6-7-vnp_mw_eu_other_brand_social,kind,MW,social,brand,awareness,62024,30,DE_ESS_MARS_MW_5 Gum_EUR,Compliant,PROGRAMMATIC,DV360,7,GERMANY,EUR,EU/CEABT,DACH,124695,9989,724656,1939,34231,31587.33,335642,0,0,Dv360
DE,DATAROMA_DE_30,DATAROMA_DE_1,DATAROMA_DE_MW_1,6/23/2024,de_kin_p6-7-vnp_mw_eu_other_brand_social_awareness_social_0624_112420,6/6/2024,7/22/2024,3.8,95115,Kind,miscellaneous,miscellaneous,DATORAMA,DE_5 Gum_mw_eur_Dv360_3,bid-nadr,de_kin_p6-7-vnp_mw_eu_other_brand_social,kind,MW,social,brand,awareness,62024,30,DE_ESS_MARS_MW_5 Gum_EUR,Compliant,PROGRAMMATIC,DV360,7,GERMANY,EUR,EU/CEABT,DACH,68789,3702,382125,737,19996,18451.70316,110151,0,0,Dv360
DE,DATAROMA_DE_30,DATAROMA_DE_1,DATAROMA_DE_MW_1,7/17/2024,de_kin_p6-7-vnp_mw_eu_other_brand_social_awareness_social_0624_112420,6/6/2024,7/22/2024,8.333333333,106395,Kind,miscellaneous,miscellaneous,DATORAMA,DE_5 Gum_mw_eur_Dv360_3,bid-nadr,de_kin_p6-7-vnp_mw_eu_other_brand_social,kind,MW,social,brand,awareness,62024,30,DE_ESS_MARS_MW_5 Gum_EUR,Compliant,PROGRAMMATIC,DV360,8,GERMANY,EUR,EU/CEABT,DACH,166613,68348,637577,1243,23758,21923.16281,338799,0,0,Dv360
DE,DATAROMA_DE_30,DATAROMA_DE_1,DATAROMA_DE_MW_1,6/29/2024,de_kin_p6-7-vnp_mw_eu_other_brand_social_awareness_social_0624_112420,6/6/2024,7/22/2024,7.888888889,218345,Kind,miscellaneous,miscellaneous,DATORAMA,DE_5 Gum_mw_eur_Dv360_3,bid-nadr,de_kin_p6-7-vnp_mw_eu_other_brand_social,kind,MW,social,brand,awareness,62024,30,DE_ESS_MARS_MW_5 Gum_EUR,Compliant,PROGRAMMATIC,DV360,7,GERMANY,EUR,EU/CEABT,DACH,190193,21080,1041779,1852,41315,38124.23064,354539,0,0,Dv360
DE,DATAROMA_DE_30,DATAROMA_DE_1,DATAROMA_DE_MW_1,6/25/2024,de_kin_p6-7-vnp_mw_eu_other_brand_social_awareness_social_0624_112420,6/6/2024,7/22/2024,7.125,161812,Kind,miscellaneous,miscellaneous,DATORAMA,DE_5 Gum_mw_eur_Dv360_3,bid-nadr,de_kin_p6-7-vnp_mw_eu_other_brand_social,kind,MW,social,brand,awareness,62024,30,DE_ESS_MARS_MW_5 Gum_EUR,Compliant,PROGRAMMATIC,DV360,7,GERMANY,EUR,EU/CEABT,DACH,98783,4071,778608,1583,20461,18880.79107,295560,0,0,Dv360
DE,DATAROMA_DE_30,DATAROMA_DE_1,DATAROMA_DE_MW_1,6/18/2024,de_kin_p6-7-vnp_mw_eu_other_brand_social_awareness_social_0624_112420,6/6/2024,7/22/2024,5.375,215766,Kind,miscellaneous,miscellaneous,DATORAMA,DE_5 Gum_mw_eur_Dv360_3,bid-nadr,de_kin_p6-7-vnp_mw_eu_other_brand_social,kind,MW,social,brand,awareness,62024,30,DE_ESS_MARS_MW_5 Gum_EUR,Compliant,PROGRAMMATIC,DV360,7,GERMANY,EUR,EU/CEABT,DACH,152382,20064,722449,1664,26986,24901.86344,276395,0,0,Dv360
DE,DATAROMA_DE_30,DATAROMA_DE_1,DATAROMA_DE_MW_1,6/26/2024,de_kin_p6-7-vnp_mw_eu_other_brand_social_awareness_social_0624_112420,6/6/2024,7/22/2024,7.125,119980,Kind,miscellaneous,miscellaneous,DATORAMA,DE_5 Gum_mw_eur_Dv360_3,bid-nadr,de_kin_p6-7-vnp_mw_eu_other_brand_social,kind,MW,social,brand,awareness,62024,30,DE_ESS_MARS_MW_5 Gum_EUR,Compliant,PROGRAMMATIC,DV360,7,GERMANY,EUR,EU/CEABT,DACH,195026,14741,494366,1756,36776,33935.77892,302587,0,0,Dv360
DE,DATAROMA_DE_30,DATAROMA_DE_1,DATAROMA_DE_MW_1,7/7/2024,de_kin_p6-7-vnp_mw_eu_other_brand_social_awareness_social_0624_112420,6/6/2024,7/22/2024,5.6,169085,Kind,miscellaneous,miscellaneous,DATORAMA,DE_5 Gum_mw_eur_Dv360_3,bid-nadr,de_kin_p6-7-vnp_mw_eu_other_brand_social,kind,MW,social,brand,awareness,62024,30,DE_ESS_MARS_MW_5 Gum_EUR,Compliant,PROGRAMMATIC,DV360,7,GERMANY,EUR,EU/CEABT,DACH,176349,12612,722895,2161,11697,10793.63732,362529,0,0,Dv360
DE,DATAROMA_DE_30,DATAROMA_DE_1,DATAROMA_DE_MW_1,6/8/2024,de_kin_p6-7-vnp_mw_eu_other_brand_social_awareness_social_0624_112420,6/6/2024,7/22/2024,7.727272727,91519,Kind,miscellaneous,miscellaneous,DATORAMA,DE_5 Gum_mw_eur_Dv360_3,bid-nadr,de_kin_p6-7-vnp_mw_eu_other_brand_social,kind,MW,social,brand,awareness,62024,30,DE_ESS_MARS_MW_5 Gum_EUR,Compliant,PROGRAMMATIC,DV360,6,GERMANY,EUR,EU/CEABT,DACH,142080,16320,619405,1648,30245,27909.16993,279829,0,0,Dv360
DE,DATAROMA_DE_30,DATAROMA_DE_1,DATAROMA_DE_MW_1,6/9/2024,de_kin_p6-7-vnp_mw_eu_other_brand_social_awareness_social_0624_112420,6/6/2024,7/22/2024,5.909090909,229317,Kind,miscellaneous,miscellaneous,DATORAMA,DE_5 Gum_mw_eur_Dv360_3,bid-nadr,de_kin_p6-7-vnp_mw_eu_other_brand_social,kind,MW,social,brand,awareness,62024,30,DE_ESS_MARS_MW_5 Gum_EUR,Compliant,PROGRAMMATIC,DV360,6,GERMANY,EUR,EU/CEABT,DACH,277265,36134,752988,2478,42806,39500.08028,432353,0,0,Dv360
DE,DATAROMA_DE_30,DATAROMA_DE_1,DATAROMA_DE_MW_1,6/24/2024,de_kin_p6-7-vnp_mw_eu_other_brand_social_awareness_social_0624_112420,6/6/2024,7/22/2024,3.25,230386,Kind,miscellaneous,miscellaneous,DATORAMA,DE_5 Gum_mw_eur_Dv360_3,bid-nadr,de_kin_p6-7-vnp_mw_eu_other_brand_social,kind,MW,social,brand,awareness,62024,30,DE_ESS_MARS_MW_5 Gum_EUR,Compliant,PROGRAMMATIC,DV360,7,GERMANY,EUR,EU/CEABT,DACH,155103,7604,497355,1384,16512,15236.77348,253040,0,0,Dv360
DE,DATAROMA_DE_30,DATAROMA_DE_1,DATAROMA_DE_MW_1,7/12/2024,de_kin_p6-7-vnp_mw_eu_other_brand_social_awareness_social_0624_112420,6/6/2024,7/22/2024,4.571428571,146511,Kind,miscellaneous,miscellaneous,DATORAMA,DE_5 Gum_mw_eur_Dv360_3,bid-nadr,de_kin_p6-7-vnp_mw_eu_other_brand_social,kind,MW,social,brand,awareness,62024,30,DE_ESS_MARS_MW_5 Gum_EUR,Compliant,PROGRAMMATIC,DV360,7,GERMANY,EUR,EU/CEABT,DACH,76076,5802,575481,2057,28926,26692.03668,277930,0,0,Dv360
DE,DATAROMA_DE_30,DATAROMA_DE_1,DATAROMA_DE_MW_1,7/8/2024,de_kin_p6-7-vnp_mw_eu_other_brand_social_awareness_social_0624_112420,6/6/2024,7/22/2024,5,241452,Kind,miscellaneous,miscellaneous,DATORAMA,DE_5 Gum_mw_eur_Dv360_3,bid-nadr,de_kin_p6-7-vnp_mw_eu_other_brand_social,kind,MW,social,brand,awareness,62024,30,DE_ESS_MARS_MW_5 Gum_EUR,Compliant,PROGRAMMATIC,DV360,7,GERMANY,EUR,EU/CEABT,DACH,213259,18574,978834,2876,36973,34117.56455,413519,0,0,Dv360
DE,DATAROMA_DE_30,DATAROMA_DE_1,DATAROMA_DE_MW_1,6/7/2024,de_kin_p6-7-vnp_mw_eu_other_brand_social_awareness_social_0624_112420,6/6/2024,7/22/2024,6.083333333,356180,Kind,miscellaneous,miscellaneous,DATORAMA,DE_5 Gum_mw_eur_Dv360_3,bid-nadr,de_kin_p6-7-vnp_mw_eu_other_brand_social,kind,MW,social,brand,awareness,62024,30,DE_ESS_MARS_MW_5 Gum_EUR,Compliant,PROGRAMMATIC,DV360,6,GERMANY,EUR,EU/CEABT,DACH,469040,54275,1172779,4265,55391,51113.1371,599295,0,0,Dv360
DE,DATAROMA_DE_30,DATAROMA_DE_1,DATAROMA_DE_MW_1,7/2/2024,de_kin_p6-7-vnp_mw_eu_other_brand_social_awareness_social_0624_112420,6/6/2024,7/22/2024,6.75,212349,Kind,miscellaneous,miscellaneous,DATORAMA,DE_5 Gum_mw_eur_Dv360_3,bid-nadr,de_kin_p6-7-vnp_mw_eu_other_brand_social,kind,MW,social,brand,awareness,62024,30,DE_ESS_MARS_MW_5 Gum_EUR,Compliant,PROGRAMMATIC,DV360,7,GERMANY,EUR,EU/CEABT,DACH,110115,25643,613892,1809,20590,18999.82837,377621,0,0,Dv360
DE,DATAROMA_DE_30,DATAROMA_DE_1,DATAROMA_DE_MW_1,6/30/2024,de_kin_p6-7-vnp_mw_eu_other_brand_social_awareness_social_0624_112420,6/6/2024,7/22/2024,7.727272727,152374,Kind,miscellaneous,miscellaneous,DATORAMA,DE_5 Gum_mw_eur_Dv360_3,bid-nadr,de_kin_p6-7-vnp_mw_eu_other_brand_social,kind,MW,social,brand,awareness,62024,30,DE_ESS_MARS_MW_5 Gum_EUR,Compliant,PROGRAMMATIC,DV360,7,GERMANY,EUR,EU/CEABT,DACH,135739,51141,826630,1896,51279,47318.70805,349411,0,0,Dv360
DE,DATAROMA_DE_30,DATAROMA_DE_1,DATAROMA_DE_MW_1,6/20/2024,de_kin_p6-7-vnp_mw_eu_other_brand_social_awareness_social_0624_112420,6/6/2024,7/22/2024,7.285714286,125628,Kind,miscellaneous,miscellaneous,DATORAMA,DE_5 Gum_mw_eur_Dv360_3,bid-nadr,de_kin_p6-7-vnp_mw_eu_other_brand_social,kind,MW,social,brand,awareness,62024,30,DE_ESS_MARS_MW_5 Gum_EUR,Compliant,PROGRAMMATIC,DV360,7,GERMANY,EUR,EU/CEABT,DACH,60797,8685,686740,629,30999,28604.93829,217123,0,0,Dv360
DE,DATAROMA_DE_30,DATAROMA_DE_1,DATAROMA_DE_MW_1,7/11/2024,de_kin_p6-7-vnp_mw_eu_other_brand_social_awareness_social_0624_112420,6/6/2024,7/22/2024,6.555555556,188467,Kind,miscellaneous,miscellaneous,DATORAMA,DE_5 Gum_mw_eur_Dv360_3,bid-nadr,de_kin_p6-7-vnp_mw_eu_other_brand_social,kind,MW,social,brand,awareness,62024,30,DE_ESS_MARS_MW_5 Gum_EUR,Compliant,PROGRAMMATIC,DV360,7,GERMANY,EUR,EU/CEABT,DACH,230645,27323,714723,2153,30483,28128.78912,338518,0,0,Dv360
DE,DATAROMA_DE_30,DATAROMA_DE_1,DATAROMA_DE_MW_1,7/19/2024,de_kin_p6-7-vnp_mw_eu_other_brand_social_awareness_social_0624_112420,6/6/2024,7/22/2024,5.333333333,362093,Kind,miscellaneous,miscellaneous,DATORAMA,DE_5 Gum_mw_eur_Dv360_3,bid-nadr,de_kin_p6-7-vnp_mw_eu_other_brand_social,kind,MW,social,brand,awareness,62024,30,DE_ESS_MARS_MW_5 Gum_EUR,Compliant,PROGRAMMATIC,DV360,8,GERMANY,EUR,EU/CEABT,DACH,212626,68273,971319,2181,30605,28241.36703,485756,0,0,Dv360
DE,DATAROMA_DE_30,DATAROMA_DE_1,DATAROMA_DE_MW_1,6/10/2024,de_kin_p6-7-vnp_mw_eu_other_brand_social_awareness_social_0624_112420,6/6/2024,7/22/2024,6.25,36179,Kind,miscellaneous,miscellaneous,DATORAMA,DE_5 Gum_mw_eur_Dv360_3,bid-nadr,de_kin_p6-7-vnp_mw_eu_other_brand_social,kind,MW,social,brand,awareness,62024,30,DE_ESS_MARS_MW_5 Gum_EUR,Compliant,PROGRAMMATIC,DV360,6,GERMANY,EUR,EU/CEABT,DACH,43539,14920,216907,719,13317,12288.52425,89365,0,0,Dv360
DE,DATAROMA_DE_30,DATAROMA_DE_1,DATAROMA_DE_MW_1,7/14/2024,de_kin_p6-7-vnp_mw_eu_other_brand_social_awareness_social_0624_112420,6/6/2024,7/22/2024,8.769230769,261602,Kind,miscellaneous,miscellaneous,DATORAMA,DE_5 Gum_mw_eur_Dv360_3,bid-nadr,de_kin_p6-7-vnp_mw_eu_other_brand_social,kind,MW,social,brand,awareness,62024,30,DE_ESS_MARS_MW_5 Gum_EUR,Compliant,PROGRAMMATIC,DV360,8,GERMANY,EUR,EU/CEABT,DACH,272769,42187,1335960,4250,45275,41778.3987,761974,0,0,Dv360
DE,DATAROMA_DE_30,DATAROMA_DE_1,DATAROMA_DE_MW_1,6/14/2024,de_kin_p6-7-vnp_mw_eu_other_brand_social_awareness_social_0624_112420,6/6/2024,7/22/2024,5.75,144485,Kind,miscellaneous,miscellaneous,DATORAMA,DE_5 Gum_mw_eur_Dv360_3,bid-nadr,de_kin_p6-7-vnp_mw_eu_other_brand_social,kind,MW,social,brand,awareness,62024,30,DE_ESS_MARS_MW_5 Gum_EUR,Compliant,PROGRAMMATIC,DV360,6,GERMANY,EUR,EU/CEABT,DACH,183655,31451,552894,1084,20712,19112.40627,318226,0,0,Dv360
DE,DATAROMA_DE_30,DATAROMA_DE_1,DATAROMA_DE_MW_1,6/11/2024,de_kin_p6-7-vnp_mw_eu_other_brand_social_awareness_social_0624_112420,6/6/2024,7/22/2024,8.1,267259,Kind,miscellaneous,miscellaneous,DATORAMA,DE_5 Gum_mw_eur_Dv360_3,bid-nadr,de_kin_p6-7-vnp_mw_eu_other_brand_social,kind,MW,social,brand,awareness,62024,30,DE_ESS_MARS_MW_5 Gum_EUR,Compliant,PROGRAMMATIC,DV360,6,GERMANY,EUR,EU/CEABT,DACH,272596,98592,1014790,2956,33291,30719.92647,514954,0,0,Dv360
DE,DATAROMA_DE_30,DATAROMA_DE_1,DATAROMA_DE_MW_1,6/27/2024,de_kin_p6-7-vnp_mw_eu_other_brand_social_awareness_social_0624_112420,6/6/2024,7/22/2024,8.307692308,274453,Kind,miscellaneous,miscellaneous,DATORAMA,DE_5 Gum_mw_eur_Dv360_3,bid-nadr,de_kin_p6-7-vnp_mw_eu_other_brand_social,kind,MW,social,brand,awareness,62024,30,DE_ESS_MARS_MW_5 Gum_EUR,Compliant,PROGRAMMATIC,DV360,7,GERMANY,EUR,EU/CEABT,DACH,268043,44015,1448992,3042,38330,35369.76305,730855,0,0,Dv360
DE,DATAROMA_DE_30,DATAROMA_DE_1,DATAROMA_DE_MW_1,6/21/2024,de_kin_p6-7-vnp_mw_eu_other_brand_social_awareness_social_0624_112420,6/6/2024,7/22/2024,7.25,132782,Kind,miscellaneous,miscellaneous,DATORAMA,DE_5 Gum_mw_eur_Dv360_3,bid-nadr,de_kin_p6-7-vnp_mw_eu_other_brand_social,kind,MW,social,brand,awareness,62024,30,DE_ESS_MARS_MW_5 Gum_EUR,Compliant,PROGRAMMATIC,DV360,7,GERMANY,EUR,EU/CEABT,DACH,50544,9909,714719,809,32355,29856.21402,197502,0,0,Dv360
DE,DATAROMA_DE_30,DATAROMA_DE_1,DATAROMA_DE_MW_1,6/13/2024,de_kin_p6-7-vnp_mw_eu_other_brand_social_awareness_social_0624_112420,6/6/2024,7/22/2024,6.875,219771,Kind,miscellaneous,miscellaneous,DATORAMA,DE_5 Gum_mw_eur_Dv360_3,bid-nadr,de_kin_p6-7-vnp_mw_eu_other_brand_social,kind,MW,social,brand,awareness,62024,30,DE_ESS_MARS_MW_5 Gum_EUR,Compliant,PROGRAMMATIC,DV360,6,GERMANY,EUR,EU/CEABT,DACH,131770,11266,796427,1887,34329,31677.76143,307157,0,0,Dv360
DE,DATAROMA_DE_30,DATAROMA_DE_1,DATAROMA_DE_MW_1,7/15/2024,de_kin_p6-7-vnp_mw_eu_other_brand_social_awareness_social_0624_112420,6/6/2024,7/22/2024,4.2,137773,Kind,miscellaneous,miscellaneous,DATORAMA,DE_5 Gum_mw_eur_Dv360_3,bid-nadr,de_kin_p6-7-vnp_mw_eu_other_brand_social,kind,MW,social,brand,awareness,62024,30,DE_ESS_MARS_MW_5 Gum_EUR,Compliant,PROGRAMMATIC,DV360,8,GERMANY,EUR,EU/CEABT,DACH,21328,10176,358850,650,21055,19428.91628,111277,0,0,Dv360
DE,DATAROMA_DE_30,DATAROMA_DE_1,DATAROMA_DE_MW_1,7/13/2024,de_kin_p6-7-vnp_mw_eu_other_brand_social_awareness_social_0624_112420,6/6/2024,7/22/2024,4.75,148602,Kind,miscellaneous,miscellaneous,DATORAMA,DE_5 Gum_mw_eur_Dv360_3,bid-nadr,de_kin_p6-7-vnp_mw_eu_other_brand_social,kind,MW,social,brand,awareness,62024,30,DE_ESS_MARS_MW_5 Gum_EUR,Compliant,PROGRAMMATIC,DV360,7,GERMANY,EUR,EU/CEABT,DACH,93599,9884,673967,614,35175,32458.42461,145500,0,0,Dv360
DE,DATAROMA_DE_30,DATAROMA_DE_1,DATAROMA_DE_MW_1,7/6/2024,de_kin_p6-7-vnp_mw_eu_other_brand_social_awareness_social_0624_112420,6/6/2024,7/22/2024,5.75,69966,Kind,miscellaneous,miscellaneous,DATORAMA,DE_5 Gum_mw_eur_Dv360_3,bid-nadr,de_kin_p6-7-vnp_mw_eu_other_brand_social,kind,MW,social,brand,awareness,62024,30,DE_ESS_MARS_MW_5 Gum_EUR,Compliant,PROGRAMMATIC,DV360,7,GERMANY,EUR,EU/CEABT,DACH,77553,9349,380362,510,10746,9916.083323,109556,0,0,Dv360
DE,DATAROMA_DE_30,DATAROMA_DE_1,DATAROMA_DE_MW_1,7/21/2024,de_kin_p6-7-vnp_mw_eu_other_brand_social_awareness_social_0624_112420,6/6/2024,7/22/2024,4.7,371315,Kind,miscellaneous,miscellaneous,DATORAMA,DE_5 Gum_mw_eur_Dv360_3,bid-nadr,de_kin_p6-7-vnp_mw_eu_other_brand_social,kind,MW,social,brand,awareness,62024,30,DE_ESS_MARS_MW_5 Gum_EUR,Compliant,PROGRAMMATIC,DV360,8,GERMANY,EUR,EU/CEABT,DACH,276961,41149,1101817,3553,41791,38563.46902,665163,0,0,Dv360
DE,DATAROMA_DE_33,DATAROMA_DE_1,DATAROMA_DE_MW_1,11/11/2024,de_kin_p10-11-vnp_mw_eu_other_brand_na_multiple_na_1024_115682,10/4/2024,11/15/2024,7,201810,Kind,miscellaneous,miscellaneous,DATORAMA,DE_5 Gum_mw_eur_Dv360_6,bid-adr,de_kin_p10-11-vnp_mw_eu_other_brand_na,kind,MW,na,brand,multiple,102024,33,DE_ESS_MARS_MW_5 Gum_EUR,Compliant,PROGRAMMATIC,DV360,12,GERMANY,EUR,EU/CEABT,DACH,232383,10813,931752,1834,43437,40082.34797,413783,0,0,Dv360
DE,DATAROMA_DE_33,DATAROMA_DE_1,DATAROMA_DE_MW_1,10/31/2024,de_kin_p10-11-vnp_mw_eu_other_brand_na_multiple_na_1024_115682,10/4/2024,11/15/2024,6.8,51949,Kind,miscellaneous,miscellaneous,DATORAMA,DE_5 Gum_mw_eur_Dv360_6,bid-adr,de_kin_p10-11-vnp_mw_eu_other_brand_na,kind,MW,na,brand,multiple,102024,33,DE_ESS_MARS_MW_5 Gum_EUR,Compliant,PROGRAMMATIC,DV360,11,GERMANY,EUR,EU/CEABT,DACH,147634,47908,422258,912,21139,19506.42894,278843,0,0,Dv360
DE,DATAROMA_DE_33,DATAROMA_DE_1,DATAROMA_DE_MW_1,10/26/2024,de_kin_p10-11-vnp_mw_eu_other_brand_na_multiple_na_1024_115682,10/4/2024,11/15/2024,6.705882353,357214,Kind,miscellaneous,miscellaneous,DATORAMA,DE_5 Gum_mw_eur_Dv360_6,bid-adr,de_kin_p10-11-vnp_mw_eu_other_brand_na,kind,MW,na,brand,multiple,102024,33,DE_ESS_MARS_MW_5 Gum_EUR,Compliant,PROGRAMMATIC,DV360,11,GERMANY,EUR,EU/CEABT,DACH,257088,104222,1457641,3437,68654,63351.83179,677446,0,0,Dv360
DE,DATAROMA_DE_33,DATAROMA_DE_1,DATAROMA_DE_MW_1,10/9/2024,de_kin_p10-11-vnp_mw_eu_other_brand_na_multiple_na_1024_115682,10/4/2024,11/15/2024,5.153846154,395480,Kind,miscellaneous,miscellaneous,DATORAMA,DE_5 Gum_mw_eur_Dv360_6,bid-adr,de_kin_p10-11-vnp_mw_eu_other_brand_na,kind,MW,na,brand,multiple,102024,33,DE_ESS_MARS_MW_5 Gum_EUR,Compliant,PROGRAMMATIC,DV360,11,GERMANY,EUR,EU/CEABT,DACH,248291,21433,1131261,3317,58963,54409.27051,555641,0,0,Dv360
DE,DATAROMA_DE_33,DATAROMA_DE_1,DATAROMA_DE_MW_1,11/15/2024,de_kin_p10-11-vnp_mw_eu_other_brand_na_multiple_na_1024_115682,10/4/2024,11/15/2024,6.25,502044,Kind,miscellaneous,miscellaneous,DATORAMA,DE_5 Gum_mw_eur_Dv360_6,bid-adr,de_kin_p10-11-vnp_mw_eu_other_brand_na,kind,MW,na,brand,multiple,102024,33,DE_ESS_MARS_MW_5 Gum_EUR,Compliant,PROGRAMMATIC,DV360,12,GERMANY,EUR,EU/CEABT,DACH,368200,56140,1761763,3179,57759,53298.25578,763289,0,0,Dv360
DE,DATAROMA_DE_33,DATAROMA_DE_1,DATAROMA_DE_MW_1,10/23/2024,de_kin_p10-11-vnp_mw_eu_other_brand_na_multiple_na_1024_115682,10/4/2024,11/15/2024,7,180131,Kind,miscellaneous,miscellaneous,DATORAMA,DE_5 Gum_mw_eur_Dv360_6,bid-adr,de_kin_p10-11-vnp_mw_eu_other_brand_na,kind,MW,na,brand,multiple,102024,33,DE_ESS_MARS_MW_5 Gum_EUR,Compliant,PROGRAMMATIC,DV360,11,GERMANY,EUR,EU/CEABT,DACH,255875,23953,922124,1732,39412,36368.19988,566035,0,0,Dv360
DE,DATAROMA_DE_33,DATAROMA_DE_1,DATAROMA_DE_MW_1,11/9/2024,de_kin_p10-11-vnp_mw_eu_other_brand_na_multiple_na_1024_115682,10/4/2024,11/15/2024,7.125,224011,Kind,miscellaneous,miscellaneous,DATORAMA,DE_5 Gum_mw_eur_Dv360_6,bid-adr,de_kin_p10-11-vnp_mw_eu_other_brand_na,kind,MW,na,brand,multiple,102024,33,DE_ESS_MARS_MW_5 Gum_EUR,Compliant,PROGRAMMATIC,DV360,12,GERMANY,EUR,EU/CEABT,DACH,365057,36707,1227218,3339,71473,65953.11961,670335,0,0,Dv360
DE,DATAROMA_DE_33,DATAROMA_DE_1,DATAROMA_DE_MW_1,10/27/2024,de_kin_p10-11-vnp_mw_eu_other_brand_na_multiple_na_1024_115682,10/4/2024,11/15/2024,7.166666667,216798,Kind,miscellaneous,miscellaneous,DATORAMA,DE_5 Gum_mw_eur_Dv360_6,bid-adr,de_kin_p10-11-vnp_mw_eu_other_brand_na,kind,MW,na,brand,multiple,102024,33,DE_ESS_MARS_MW_5 Gum_EUR,Compliant,PROGRAMMATIC,DV360,11,GERMANY,EUR,EU/CEABT,DACH,308716,13348,830135,1879,45734,42201.95,425689,0,0,Dv360
DE,DATAROMA_DE_33,DATAROMA_DE_1,DATAROMA_DE_MW_1,10/21/2024,de_kin_p10-11-vnp_mw_eu_other_brand_na_multiple_na_1024_115682,10/4/2024,11/15/2024,7.857142857,194450,Kind,miscellaneous,miscellaneous,DATORAMA,DE_5 Gum_mw_eur_Dv360_6,bid-adr,de_kin_p10-11-vnp_mw_eu_other_brand_na,kind,MW,na,brand,multiple,102024,33,DE_ESS_MARS_MW_5 Gum_EUR,Compliant,PROGRAMMATIC,DV360,11,GERMANY,EUR,EU/CEABT,DACH,89671,22773,670475,2316,37334,34450.68442,366101,0,0,Dv360
DE,DATAROMA_DE_33,DATAROMA_DE_1,DATAROMA_DE_MW_1,10/16/2024,de_kin_p10-11-vnp_mw_eu_other_brand_na_multiple_na_1024_115682,10/4/2024,11/15/2024,6.285714286,346128,Kind,miscellaneous,miscellaneous,DATORAMA,DE_5 Gum_mw_eur_Dv360_6,bid-adr,de_kin_p10-11-vnp_mw_eu_other_brand_na,kind,MW,na,brand,multiple,102024,33,DE_ESS_MARS_MW_5 Gum_EUR,Compliant,PROGRAMMATIC,DV360,11,GERMANY,EUR,EU/CEABT,DACH,522281,22299,1570190,3141,58532,54011.55677,758822,0,0,Dv360
DE,DATAROMA_DE_33,DATAROMA_DE_1,DATAROMA_DE_MW_1,10/22/2024,de_kin_p10-11-vnp_mw_eu_other_brand_na_multiple_na_1024_115682,10/4/2024,11/15/2024,6.545454545,286805,Kind,miscellaneous,miscellaneous,DATORAMA,DE_5 Gum_mw_eur_Dv360_6,bid-adr,de_kin_p10-11-vnp_mw_eu_other_brand_na,kind,MW,na,brand,multiple,102024,33,DE_ESS_MARS_MW_5 Gum_EUR,Compliant,PROGRAMMATIC,DV360,11,GERMANY,EUR,EU/CEABT,DACH,114566,16260,958040,1979,44653,41204.43594,550461,0,0,Dv360
DE,DATAROMA_DE_33,DATAROMA_DE_1,DATAROMA_DE_MW_1,10/25/2024,de_kin_p10-11-vnp_mw_eu_other_brand_na_multiple_na_1024_115682,10/4/2024,11/15/2024,5.866666667,386088,Kind,miscellaneous,miscellaneous,DATORAMA,DE_5 Gum_mw_eur_Dv360_6,bid-adr,de_kin_p10-11-vnp_mw_eu_other_brand_na,kind,MW,na,brand,multiple,102024,33,DE_ESS_MARS_MW_5 Gum_EUR,Compliant,PROGRAMMATIC,DV360,11,GERMANY,EUR,EU/CEABT,DACH,211784,55762,1248867,2214,51051,47108.31655,468156,0,0,Dv360
DE,DATAROMA_DE_33,DATAROMA_DE_1,DATAROMA_DE_MW_1,10/20/2024,de_kin_p10-11-vnp_mw_eu_other_brand_na_multiple_na_1024_115682,10/4/2024,11/15/2024,7.545454545,173202,Kind,miscellaneous,miscellaneous,DATORAMA,DE_5 Gum_mw_eur_Dv360_6,bid-adr,de_kin_p10-11-vnp_mw_eu_other_brand_na,kind,MW,na,brand,multiple,102024,33,DE_ESS_MARS_MW_5 Gum_EUR,Compliant,PROGRAMMATIC,DV360,11,GERMANY,EUR,EU/CEABT,DACH,213812,19872,965859,2950,48177,44456.2764,497287,0,0,Dv360
DE,DATAROMA_DE_33,DATAROMA_DE_1,DATAROMA_DE_MW_1,10/17/2024,de_kin_p10-11-vnp_mw_eu_other_brand_na_multiple_na_1024_115682,10/4/2024,11/15/2024,6.583333333,453973,Kind,miscellaneous,miscellaneous,DATORAMA,DE_5 Gum_mw_eur_Dv360_6,bid-adr,de_kin_p10-11-vnp_mw_eu_other_brand_na,kind,MW,na,brand,multiple,102024,33,DE_ESS_MARS_MW_5 Gum_EUR,Compliant,PROGRAMMATIC,DV360,11,GERMANY,EUR,EU/CEABT,DACH,383386,80342,1239120,3744,55026,50776.32616,644448,0,0,Dv360
DE,DATAROMA_DE_33,DATAROMA_DE_1,DATAROMA_DE_MW_1,11/5/2024,de_kin_p10-11-vnp_mw_eu_other_brand_na_multiple_na_1024_115682,10/4/2024,11/15/2024,7.090909091,233008,Kind,miscellaneous,miscellaneous,DATORAMA,DE_5 Gum_mw_eur_Dv360_6,bid-adr,de_kin_p10-11-vnp_mw_eu_other_brand_na,kind,MW,na,brand,multiple,102024,33,DE_ESS_MARS_MW_5 Gum_EUR,Compliant,PROGRAMMATIC,DV360,12,GERMANY,EUR,EU/CEABT,DACH,387282,29789,1132476,3095,41956,38715.72603,676656,0,0,Dv360
DE,DATAROMA_DE_33,DATAROMA_DE_1,DATAROMA_DE_MW_1,10/19/2024,de_kin_p10-11-vnp_mw_eu_other_brand_na_multiple_na_1024_115682,10/4/2024,11/15/2024,5.142857143,499659,Kind,miscellaneous,miscellaneous,DATORAMA,DE_5 Gum_mw_eur_Dv360_6,bid-adr,de_kin_p10-11-vnp_mw_eu_other_brand_na,kind,MW,na,brand,multiple,102024,33,DE_ESS_MARS_MW_5 Gum_EUR,Compliant,PROGRAMMATIC,DV360,11,GERMANY,EUR,EU/CEABT,DACH,470690,51221,1285593,4305,45030,41552.32012,637299,0,0,Dv360
DE,DATAROMA_DE_33,DATAROMA_DE_1,DATAROMA_DE_MW_1,10/29/2024,de_kin_p10-11-vnp_mw_eu_other_brand_na_multiple_na_1024_115682,10/4/2024,11/15/2024,4.363636364,243804,Kind,miscellaneous,miscellaneous,DATORAMA,DE_5 Gum_mw_eur_Dv360_6,bid-adr,de_kin_p10-11-vnp_mw_eu_other_brand_na,kind,MW,na,brand,multiple,102024,33,DE_ESS_MARS_MW_5 Gum_EUR,Compliant,PROGRAMMATIC,DV360,11,GERMANY,EUR,EU/CEABT,DACH,171035,33184,814447,1718,27088,24995.98595,399911,0,0,Dv360
DE,DATAROMA_DE_33,DATAROMA_DE_1,DATAROMA_DE_MW_1,10/18/2024,de_kin_p10-11-vnp_mw_eu_other_brand_na_multiple_na_1024_115682,10/4/2024,11/15/2024,7.5,222771,Kind,miscellaneous,miscellaneous,DATORAMA,DE_5 Gum_mw_eur_Dv360_6,bid-adr,de_kin_p10-11-vnp_mw_eu_other_brand_na,kind,MW,na,brand,multiple,102024,33,DE_ESS_MARS_MW_5 Gum_EUR,Compliant,PROGRAMMATIC,DV360,11,GERMANY,EUR,EU/CEABT,DACH,179453,11327,881251,2374,49382,45568.21391,376967,0,0,Dv360
DE,DATAROMA_DE_33,DATAROMA_DE_1,DATAROMA_DE_MW_1,10/12/2024,de_kin_p10-11-vnp_mw_eu_other_brand_na_multiple_na_1024_115682,10/4/2024,11/15/2024,7.583333333,158331,Kind,miscellaneous,miscellaneous,DATORAMA,DE_5 Gum_mw_eur_Dv360_6,bid-adr,de_kin_p10-11-vnp_mw_eu_other_brand_na,kind,MW,na,brand,multiple,102024,33,DE_ESS_MARS_MW_5 Gum_EUR,Compliant,PROGRAMMATIC,DV360,11,GERMANY,EUR,EU/CEABT,DACH,345587,54887,1113967,4265,52415,48366.97444,630587,0,0,Dv360
DE,DATAROMA_DE_33,DATAROMA_DE_1,DATAROMA_DE_MW_1,10/11/2024,de_kin_p10-11-vnp_mw_eu_other_brand_na_multiple_na_1024_115682,10/4/2024,11/15/2024,6.6,307427,Kind,miscellaneous,miscellaneous,DATORAMA,DE_5 Gum_mw_eur_Dv360_6,bid-adr,de_kin_p10-11-vnp_mw_eu_other_brand_na,kind,MW,na,brand,multiple,102024,33,DE_ESS_MARS_MW_5 Gum_EUR,Compliant,PROGRAMMATIC,DV360,11,GERMANY,EUR,EU/CEABT,DACH,277432,19584,925903,1262,38869,35867.13592,449814,0,0,Dv360
DE,DATAROMA_DE_33,DATAROMA_DE_1,DATAROMA_DE_MW_1,10/10/2024,de_kin_p10-11-vnp_mw_eu_other_brand_na_multiple_na_1024_115682,10/4/2024,11/15/2024,7.6,267741,Kind,miscellaneous,miscellaneous,DATORAMA,DE_5 Gum_mw_eur_Dv360_6,bid-adr,de_kin_p10-11-vnp_mw_eu_other_brand_na,kind,MW,na,brand,multiple,102024,33,DE_ESS_MARS_MW_5 Gum_EUR,Compliant,PROGRAMMATIC,DV360,11,GERMANY,EUR,EU/CEABT,DACH,386084,76762,1555055,3948,60198,55548.89111,807373,0,0,Dv360
DE,DATAROMA_DE_33,DATAROMA_DE_1,DATAROMA_DE_MW_1,11/14/2024,de_kin_p10-11-vnp_mw_eu_other_brand_na_multiple_na_1024_115682,10/4/2024,11/15/2024,5.142857143,337408,Kind,miscellaneous,miscellaneous,DATORAMA,DE_5 Gum_mw_eur_Dv360_6,bid-adr,de_kin_p10-11-vnp_mw_eu_other_brand_na,kind,MW,na,brand,multiple,102024,33,DE_ESS_MARS_MW_5 Gum_EUR,Compliant,PROGRAMMATIC,DV360,12,GERMANY,EUR,EU/CEABT,DACH,76889,7715,852872,1454,35110,32398.44458,290857,0,0,Dv360
DE,DATAROMA_DE_33,DATAROMA_DE_1,DATAROMA_DE_MW_1,10/4/2024,de_kin_p10-11-vnp_mw_eu_other_brand_na_multiple_na_1024_115682,10/4/2024,11/15/2024,7.285714286,470016,Kind,miscellaneous,miscellaneous,DATORAMA,DE_5 Gum_mw_eur_Dv360_6,bid-adr,de_kin_p10-11-vnp_mw_eu_other_brand_na,kind,MW,na,brand,multiple,102024,33,DE_ESS_MARS_MW_5 Gum_EUR,Compliant,PROGRAMMATIC,DV360,10,GERMANY,EUR,EU/CEABT,DACH,199338,26979,1289517,2920,38715,35725.02939,485418,1817172.634,1676831.867,Dv360
DE,DATAROMA_DE_33,DATAROMA_DE_1,DATAROMA_DE_MW_1,10/28/2024,de_kin_p10-11-vnp_mw_eu_other_brand_na_multiple_na_1024_115682,10/4/2024,11/15/2024,7.833333333,125527,Kind,miscellaneous,miscellaneous,DATORAMA,DE_5 Gum_mw_eur_Dv360_6,bid-adr,de_kin_p10-11-vnp_mw_eu_other_brand_na,kind,MW,na,brand,multiple,102024,33,DE_ESS_MARS_MW_5 Gum_EUR,Compliant,PROGRAMMATIC,DV360,11,GERMANY,EUR,EU/CEABT,DACH,68316,1833,376179,1270,28122,25950.12983,161143,0,0,Dv360
DE,DATAROMA_DE_33,DATAROMA_DE_1,DATAROMA_DE_MW_1,11/13/2024,de_kin_p10-11-vnp_mw_eu_other_brand_na_multiple_na_1024_115682,10/4/2024,11/15/2024,6.25,36129,Kind,miscellaneous,miscellaneous,DATORAMA,DE_5 Gum_mw_eur_Dv360_6,bid-adr,de_kin_p10-11-vnp_mw_eu_other_brand_na,kind,MW,na,brand,multiple,102024,33,DE_ESS_MARS_MW_5 Gum_EUR,Compliant,PROGRAMMATIC,DV360,12,GERMANY,EUR,EU/CEABT,DACH,73529,4249,155358,701,20401,18825.42489,119410,0,0,Dv360
DE,DATAROMA_DE_33,DATAROMA_DE_1,DATAROMA_DE_MW_1,11/3/2024,de_kin_p10-11-vnp_mw_eu_other_brand_na_multiple_na_1024_115682,10/4/2024,11/15/2024,5.882352941,419057,Kind,miscellaneous,miscellaneous,DATORAMA,DE_5 Gum_mw_eur_Dv360_6,bid-adr,de_kin_p10-11-vnp_mw_eu_other_brand_na,kind,MW,na,brand,multiple,102024,33,DE_ESS_MARS_MW_5 Gum_EUR,Compliant,PROGRAMMATIC,DV360,12,GERMANY,EUR,EU/CEABT,DACH,553896,43999,1675585,4653,67331,62131.00746,941982,0,0,Dv360
DE,DATAROMA_DE_33,DATAROMA_DE_1,DATAROMA_DE_MW_1,11/7/2024,de_kin_p10-11-vnp_mw_eu_other_brand_na_multiple_na_1024_115682,10/4/2024,11/15/2024,6.5,326344,Kind,miscellaneous,miscellaneous,DATORAMA,DE_5 Gum_mw_eur_Dv360_6,bid-adr,de_kin_p10-11-vnp_mw_eu_other_brand_na,kind,MW,na,brand,multiple,102024,33,DE_ESS_MARS_MW_5 Gum_EUR,Compliant,PROGRAMMATIC,DV360,12,GERMANY,EUR,EU/CEABT,DACH,368418,71173,1285307,2561,38918,35912.35164,621702,0,0,Dv360
DE,DATAROMA_DE_33,DATAROMA_DE_1,DATAROMA_DE_MW_1,11/12/2024,de_kin_p10-11-vnp_mw_eu_other_brand_na_multiple_na_1024_115682,10/4/2024,11/15/2024,6.166666667,98105,Kind,miscellaneous,miscellaneous,DATORAMA,DE_5 Gum_mw_eur_Dv360_6,bid-adr,de_kin_p10-11-vnp_mw_eu_other_brand_na,kind,MW,na,brand,multiple,102024,33,DE_ESS_MARS_MW_5 Gum_EUR,Compliant,PROGRAMMATIC,DV360,12,GERMANY,EUR,EU/CEABT,DACH,126502,43239,492450,1731,24863,22942.82334,251883,0,0,Dv360
DE,DATAROMA_DE_33,DATAROMA_DE_1,DATAROMA_DE_MW_1,10/30/2024,de_kin_p10-11-vnp_mw_eu_other_brand_na_multiple_na_1024_115682,10/4/2024,11/15/2024,6.083333333,247766,Kind,miscellaneous,miscellaneous,DATORAMA,DE_5 Gum_mw_eur_Dv360_6,bid-adr,de_kin_p10-11-vnp_mw_eu_other_brand_na,kind,MW,na,brand,multiple,102024,33,DE_ESS_MARS_MW_5 Gum_EUR,Compliant,PROGRAMMATIC,DV360,11,GERMANY,EUR,EU/CEABT,DACH,214814,23858,1090151,3871,41665,38447.20004,546815,0,0,Dv360
DE,DATAROMA_DE_33,DATAROMA_DE_1,DATAROMA_DE_MW_1,10/24/2024,de_kin_p10-11-vnp_mw_eu_other_brand_na_multiple_na_1024_115682,10/4/2024,11/15/2024,6.4,306884,Kind,miscellaneous,miscellaneous,DATORAMA,DE_5 Gum_mw_eur_Dv360_6,bid-adr,de_kin_p10-11-vnp_mw_eu_other_brand_na,kind,MW,na,brand,multiple,102024,33,DE_ESS_MARS_MW_5 Gum_EUR,Compliant,PROGRAMMATIC,DV360,11,GERMANY,EUR,EU/CEABT,DACH,229990,69368,973902,2975,41502,38296.78858,550631,0,0,Dv360
DE,DATAROMA_DE_33,DATAROMA_DE_1,DATAROMA_DE_MW_1,11/8/2024,de_kin_p10-11-vnp_mw_eu_other_brand_na_multiple_na_1024_115682,10/4/2024,11/15/2024,10.25,42304,Kind,miscellaneous,miscellaneous,DATORAMA,DE_5 Gum_mw_eur_Dv360_6,bid-adr,de_kin_p10-11-vnp_mw_eu_other_brand_na,kind,MW,na,brand,multiple,102024,33,DE_ESS_MARS_MW_5 Gum_EUR,Compliant,PROGRAMMATIC,DV360,12,GERMANY,EUR,EU/CEABT,DACH,148006,1364,411210,1858,8184,7551.947321,266032,0,0,Dv360
DE,DATAROMA_DE_36,DATAROMA_DE_1,DATAROMA_DE_MW_1,5/9/2024,de_kin_p5-6-vnp_mw_eu_other_brand_social_traffic_na_0424_119034,4/21/2024,6/1/2024,6.076923077,263992,Kind,miscellaneous,miscellaneous,DATORAMA,DE_5 Gum_mw_eur_Dv360_9,bid-dda,de_kin_p5-6-vnp_mw_eu_other_brand_social,kind,MW,social,brand,traffic,42024,36,DE_ESS_MARS_MW_5 Gum_EUR,Compliant,PROGRAMMATIC,DV360,5,GERMANY,EUR,EU/CEABT,DACH,191044,25330,880777,1886,62354,57538.38261,491712,0,0,Dv360
DE,DATAROMA_DE_36,DATAROMA_DE_1,DATAROMA_DE_MW_1,5/7/2024,de_kin_p5-6-vnp_mw_eu_other_brand_social_traffic_na_0424_119034,4/21/2024,6/1/2024,4.555555556,206612,Kind,miscellaneous,miscellaneous,DATORAMA,DE_5 Gum_mw_eur_Dv360_9,bid-dda,de_kin_p5-6-vnp_mw_eu_other_brand_social,kind,MW,social,brand,traffic,42024,36,DE_ESS_MARS_MW_5 Gum_EUR,Compliant,PROGRAMMATIC,DV360,5,GERMANY,EUR,EU/CEABT,DACH,186081,14546,827841,2111,49616,45784.14202,330565,0,0,Dv360
DE,DATAROMA_DE_36,DATAROMA_DE_1,DATAROMA_DE_MW_1,5/11/2024,de_kin_p5-6-vnp_mw_eu_other_brand_social_traffic_na_0424_119034,4/21/2024,6/1/2024,5.142857143,109783,Kind,miscellaneous,miscellaneous,DATORAMA,DE_5 Gum_mw_eur_Dv360_9,bid-dda,de_kin_p5-6-vnp_mw_eu_other_brand_social,kind,MW,social,brand,traffic,42024,36,DE_ESS_MARS_MW_5 Gum_EUR,Compliant,PROGRAMMATIC,DV360,5,GERMANY,EUR,EU/CEABT,DACH,47332,9924,511592,492,30714,28341.94893,144845,0,0,Dv360
DE,DATAROMA_DE_36,DATAROMA_DE_1,DATAROMA_DE_MW_1,4/26/2024,de_kin_p5-6-vnp_mw_eu_other_brand_social_traffic_na_0424_119034,4/21/2024,6/1/2024,6.333333333,214110,Kind,miscellaneous,miscellaneous,DATORAMA,DE_5 Gum_mw_eur_Dv360_9,bid-dda,de_kin_p5-6-vnp_mw_eu_other_brand_social,kind,MW,social,brand,traffic,42024,36,DE_ESS_MARS_MW_5 Gum_EUR,Compliant,PROGRAMMATIC,DV360,5,GERMANY,EUR,EU/CEABT,DACH,327073,57892,961913,3077,40085,36989.2239,612313,0,0,Dv360
DE,DATAROMA_DE_36,DATAROMA_DE_1,DATAROMA_DE_MW_1,5/22/2024,de_kin_p5-6-vnp_mw_eu_other_brand_social_traffic_na_0424_119034,4/21/2024,6/1/2024,5.411764706,513129,Kind,miscellaneous,miscellaneous,DATORAMA,DE_5 Gum_mw_eur_Dv360_9,bid-dda,de_kin_p5-6-vnp_mw_eu_other_brand_social,kind,MW,social,brand,traffic,42024,36,DE_ESS_MARS_MW_5 Gum_EUR,Compliant,PROGRAMMATIC,DV360,6,GERMANY,EUR,EU/CEABT,DACH,492428,65025,1665674,4938,75335,69516.85623,867160,0,0,Dv360
DE,DATAROMA_DE_36,DATAROMA_DE_1,DATAROMA_DE_MW_1,6/1/2024,de_kin_p5-6-vnp_mw_eu_other_brand_social_traffic_na_0424_119034,4/21/2024,6/1/2024,6.111111111,141197,Kind,miscellaneous,miscellaneous,DATORAMA,DE_5 Gum_mw_eur_Dv360_9,bid-dda,de_kin_p5-6-vnp_mw_eu_other_brand_social,kind,MW,social,brand,traffic,42024,36,DE_ESS_MARS_MW_5 Gum_EUR,Compliant,PROGRAMMATIC,DV360,6,GERMANY,EUR,EU/CEABT,DACH,197074,13049,570329,1997,18444,17019.56456,388909,0,0,Dv360
DE,DATAROMA_DE_36,DATAROMA_DE_1,DATAROMA_DE_MW_1,5/21/2024,de_kin_p5-6-vnp_mw_eu_other_brand_social_traffic_na_0424_119034,4/21/2024,6/1/2024,6,261682,Kind,miscellaneous,miscellaneous,DATORAMA,DE_5 Gum_mw_eur_Dv360_9,bid-dda,de_kin_p5-6-vnp_mw_eu_other_brand_social,kind,MW,social,brand,traffic,42024,36,DE_ESS_MARS_MW_5 Gum_EUR,Compliant,PROGRAMMATIC,DV360,6,GERMANY,EUR,EU/CEABT,DACH,289216,26148,1243938,2317,43124,39793.52105,451152,0,0,Dv360
DE,DATAROMA_DE_36,DATAROMA_DE_1,DATAROMA_DE_MW_1,5/3/2024,de_kin_p5-6-vnp_mw_eu_other_brand_social_traffic_na_0424_119034,4/21/2024,6/1/2024,6,408060,Kind,miscellaneous,miscellaneous,DATORAMA,DE_5 Gum_mw_eur_Dv360_9,bid-dda,de_kin_p5-6-vnp_mw_eu_other_brand_social,kind,MW,social,brand,traffic,42024,36,DE_ESS_MARS_MW_5 Gum_EUR,Compliant,PROGRAMMATIC,DV360,5,GERMANY,EUR,EU/CEABT,DACH,273756,55412,1280062,2869,39402,36358.97218,612294,0,0,Dv360
DE,DATAROMA_DE_36,DATAROMA_DE_1,DATAROMA_DE_MW_1,5/23/2024,de_kin_p5-6-vnp_mw_eu_other_brand_social_traffic_na_0424_119034,4/21/2024,6/1/2024,5.666666667,362862,Kind,miscellaneous,miscellaneous,DATORAMA,DE_5 Gum_mw_eur_Dv360_9,bid-dda,de_kin_p5-6-vnp_mw_eu_other_brand_social,kind,MW,social,brand,traffic,42024,36,DE_ESS_MARS_MW_5 Gum_EUR,Compliant,PROGRAMMATIC,DV360,6,GERMANY,EUR,EU/CEABT,DACH,333994,52985,1300637,2721,56136,51800.60054,635307,0,0,Dv360
DE,DATAROMA_DE_36,DATAROMA_DE_1,DATAROMA_DE_MW_1,5/14/2024,de_kin_p5-6-vnp_mw_eu_other_brand_social_traffic_na_0424_119034,4/21/2024,6/1/2024,4.111111111,287332,Kind,miscellaneous,miscellaneous,DATORAMA,DE_5 Gum_mw_eur_Dv360_9,bid-dda,de_kin_p5-6-vnp_mw_eu_other_brand_social,kind,MW,social,brand,traffic,42024,36,DE_ESS_MARS_MW_5 Gum_EUR,Compliant,PROGRAMMATIC,DV360,5,GERMANY,EUR,EU/CEABT,DACH,93480,24534,745475,1787,28748,26527.78367,282763,0,0,Dv360
DE,DATAROMA_DE_36,DATAROMA_DE_1,DATAROMA_DE_MW_1,5/29/2024,de_kin_p5-6-vnp_mw_eu_other_brand_social_traffic_na_0424_119034,4/21/2024,6/1/2024,5.1,250672,Kind,miscellaneous,miscellaneous,DATORAMA,DE_5 Gum_mw_eur_Dv360_9,bid-dda,de_kin_p5-6-vnp_mw_eu_other_brand_social,kind,MW,social,brand,traffic,42024,36,DE_ESS_MARS_MW_5 Gum_EUR,Compliant,PROGRAMMATIC,DV360,6,GERMANY,EUR,EU/CEABT,DACH,188273,12177,703565,1306,46884,43263.13516,345519,0,0,Dv360
DE,DATAROMA_DE_36,DATAROMA_DE_1,DATAROMA_DE_MW_1,4/27/2024,de_kin_p5-6-vnp_mw_eu_other_brand_social_traffic_na_0424_119034,4/21/2024,6/1/2024,6.75,268828,Kind,miscellaneous,miscellaneous,DATORAMA,DE_5 Gum_mw_eur_Dv360_9,bid-dda,de_kin_p5-6-vnp_mw_eu_other_brand_social,kind,MW,social,brand,traffic,42024,36,DE_ESS_MARS_MW_5 Gum_EUR,Compliant,PROGRAMMATIC,DV360,5,GERMANY,EUR,EU/CEABT,DACH,451738,8954,931745,3094,29288,27026.07932,603204,0,0,Dv360
DE,DATAROMA_DE_36,DATAROMA_DE_1,DATAROMA_DE_MW_1,5/20/2024,de_kin_p5-6-vnp_mw_eu_other_brand_social_traffic_na_0424_119034,4/21/2024,6/1/2024,5.727272727,217226,Kind,miscellaneous,miscellaneous,DATORAMA,DE_5 Gum_mw_eur_Dv360_9,bid-dda,de_kin_p5-6-vnp_mw_eu_other_brand_social,kind,MW,social,brand,traffic,42024,36,DE_ESS_MARS_MW_5 Gum_EUR,Compliant,PROGRAMMATIC,DV360,6,GERMANY,EUR,EU/CEABT,DACH,146334,46043,947994,1818,45994,42441.87012,435959,0,0,Dv360
DE,DATAROMA_DE_36,DATAROMA_DE_1,DATAROMA_DE_MW_1,5/31/2024,de_kin_p5-6-vnp_mw_eu_other_brand_social_traffic_na_0424_119034,4/21/2024,6/1/2024,6.076923077,338892,Kind,miscellaneous,miscellaneous,DATORAMA,DE_5 Gum_mw_eur_Dv360_9,bid-dda,de_kin_p5-6-vnp_mw_eu_other_brand_social,kind,MW,social,brand,traffic,42024,36,DE_ESS_MARS_MW_5 Gum_EUR,Compliant,PROGRAMMATIC,DV360,6,GERMANY,EUR,EU/CEABT,DACH,362268,44619,1196458,3598,53649,49505.67227,650862,0,0,Dv360
DE,DATAROMA_DE_36,DATAROMA_DE_1,DATAROMA_DE_MW_1,4/24/2024,de_kin_p5-6-vnp_mw_eu_other_brand_social_traffic_na_0424_119034,4/21/2024,6/1/2024,5,193191,Kind,miscellaneous,miscellaneous,DATORAMA,DE_5 Gum_mw_eur_Dv360_9,bid-dda,de_kin_p5-6-vnp_mw_eu_other_brand_social,kind,MW,social,brand,traffic,42024,36,DE_ESS_MARS_MW_5 Gum_EUR,Compliant,PROGRAMMATIC,DV360,5,GERMANY,EUR,EU/CEABT,DACH,101319,16928,459180,1034,28319,26131.91547,205699,0,0,Dv360
DE,DATAROMA_DE_36,DATAROMA_DE_1,DATAROMA_DE_MW_1,4/28/2024,de_kin_p5-6-vnp_mw_eu_other_brand_social_traffic_na_0424_119034,4/21/2024,6/1/2024,5.166666667,169453,Kind,miscellaneous,miscellaneous,DATORAMA,DE_5 Gum_mw_eur_Dv360_9,bid-dda,de_kin_p5-6-vnp_mw_eu_other_brand_social,kind,MW,social,brand,traffic,42024,36,DE_ESS_MARS_MW_5 Gum_EUR,Compliant,PROGRAMMATIC,DV360,5,GERMANY,EUR,EU/CEABT,DACH,163425,11850,552569,987,25830,23835.14165,216139,0,0,Dv360
DE,DATAROMA_DE_36,DATAROMA_DE_1,DATAROMA_DE_MW_1,4/22/2024,de_kin_p5-6-vnp_mw_eu_other_brand_social_traffic_na_0424_119034,4/21/2024,6/1/2024,5.666666667,301631,Kind,miscellaneous,miscellaneous,DATORAMA,DE_5 Gum_mw_eur_Dv360_9,bid-dda,de_kin_p5-6-vnp_mw_eu_other_brand_social,kind,MW,social,brand,traffic,42024,36,DE_ESS_MARS_MW_5 Gum_EUR,Compliant,PROGRAMMATIC,DV360,5,GERMANY,EUR,EU/CEABT,DACH,149707,9307,814138,2245,41578,38366.91908,305690,0,0,Dv360
DE,DATAROMA_DE_36,DATAROMA_DE_1,DATAROMA_DE_MW_1,5/18/2024,de_kin_p5-6-vnp_mw_eu_other_brand_social_traffic_na_0424_119034,4/21/2024,6/1/2024,6.25,231956,Kind,miscellaneous,miscellaneous,DATORAMA,DE_5 Gum_mw_eur_Dv360_9,bid-dda,de_kin_p5-6-vnp_mw_eu_other_brand_social,kind,MW,social,brand,traffic,42024,36,DE_ESS_MARS_MW_5 Gum_EUR,Compliant,PROGRAMMATIC,DV360,5,GERMANY,EUR,EU/CEABT,DACH,194023,16863,763813,776,44846,41382.53049,331098,0,0,Dv360
DE,DATAROMA_DE_36,DATAROMA_DE_1,DATAROMA_DE_MW_1,5/5/2024,de_kin_p5-6-vnp_mw_eu_other_brand_social_traffic_na_0424_119034,4/21/2024,6/1/2024,7,149760,Kind,miscellaneous,miscellaneous,DATORAMA,DE_5 Gum_mw_eur_Dv360_9,bid-dda,de_kin_p5-6-vnp_mw_eu_other_brand_social,kind,MW,social,brand,traffic,42024,36,DE_ESS_MARS_MW_5 Gum_EUR,Compliant,PROGRAMMATIC,DV360,5,GERMANY,EUR,EU/CEABT,DACH,240811,43752,872834,2947,27324,25213.75961,484638,0,0,Dv360
DE,DATAROMA_DE_36,DATAROMA_DE_1,DATAROMA_DE_MW_1,5/4/2024,de_kin_p5-6-vnp_mw_eu_other_brand_social_traffic_na_0424_119034,4/21/2024,6/1/2024,4.833333333,323871,Kind,miscellaneous,miscellaneous,DATORAMA,DE_5 Gum_mw_eur_Dv360_9,bid-dda,de_kin_p5-6-vnp_mw_eu_other_brand_social,kind,MW,social,brand,traffic,42024,36,DE_ESS_MARS_MW_5 Gum_EUR,Compliant,PROGRAMMATIC,DV360,5,GERMANY,EUR,EU/CEABT,DACH,298743,36552,1030044,3603,39027,36012.93354,666562,0,0,Dv360
DE,DATAROMA_DE_36,DATAROMA_DE_1,DATAROMA_DE_MW_1,5/8/2024,de_kin_p5-6-vnp_mw_eu_other_brand_social_traffic_na_0424_119034,4/21/2024,6/1/2024,5.444444444,313329,Kind,miscellaneous,miscellaneous,DATORAMA,DE_5 Gum_mw_eur_Dv360_9,bid-dda,de_kin_p5-6-vnp_mw_eu_other_brand_social,kind,MW,social,brand,traffic,42024,36,DE_ESS_MARS_MW_5 Gum_EUR,Compliant,PROGRAMMATIC,DV360,5,GERMANY,EUR,EU/CEABT,DACH,117416,11069,633568,1634,43780,40398.85798,225201,0,0,Dv360
DE,DATAROMA_DE_36,DATAROMA_DE_1,DATAROMA_DE_MW_1,5/16/2024,de_kin_p5-6-vnp_mw_eu_other_brand_social_traffic_na_0424_119034,4/21/2024,6/1/2024,6.375,217939,Kind,miscellaneous,miscellaneous,DATORAMA,DE_5 Gum_mw_eur_Dv360_9,bid-dda,de_kin_p5-6-vnp_mw_eu_other_brand_social,kind,MW,social,brand,traffic,42024,36,DE_ESS_MARS_MW_5 Gum_EUR,Compliant,PROGRAMMATIC,DV360,5,GERMANY,EUR,EU/CEABT,DACH,228753,23413,693224,2360,36375,33565.74826,407771,0,0,Dv360
DE,DATAROMA_DE_36,DATAROMA_DE_1,DATAROMA_DE_MW_1,4/29/2024,de_kin_p5-6-vnp_mw_eu_other_brand_social_traffic_na_0424_119034,4/21/2024,6/1/2024,6.071428571,348737,Kind,miscellaneous,miscellaneous,DATORAMA,DE_5 Gum_mw_eur_Dv360_9,bid-dda,de_kin_p5-6-vnp_mw_eu_other_brand_social,kind,MW,social,brand,traffic,42024,36,DE_ESS_MARS_MW_5 Gum_EUR,Compliant,PROGRAMMATIC,DV360,5,GERMANY,EUR,EU/CEABT,DACH,213589,68445,1074988,2816,55828,51516.38747,548154,0,0,Dv360
DE,DATAROMA_DE_36,DATAROMA_DE_1,DATAROMA_DE_MW_1,5/12/2024,de_kin_p5-6-vnp_mw_eu_other_brand_social_traffic_na_0424_119034,4/21/2024,6/1/2024,6.416666667,423919,Kind,miscellaneous,miscellaneous,DATORAMA,DE_5 Gum_mw_eur_Dv360_9,bid-dda,de_kin_p5-6-vnp_mw_eu_other_brand_social,kind,MW,social,brand,traffic,42024,36,DE_ESS_MARS_MW_5 Gum_EUR,Compliant,PROGRAMMATIC,DV360,5,GERMANY,EUR,EU/CEABT,DACH,263132,15896,1168469,2718,42081,38831.07224,453357,0,0,Dv360
DE,DATAROMA_DE_36,DATAROMA_DE_1,DATAROMA_DE_MW_1,5/25/2024,de_kin_p5-6-vnp_mw_eu_other_brand_social_traffic_na_0424_119034,4/21/2024,6/1/2024,5.769230769,353145,Kind,miscellaneous,miscellaneous,DATORAMA,DE_5 Gum_mw_eur_Dv360_9,bid-dda,de_kin_p5-6-vnp_mw_eu_other_brand_social,kind,MW,social,brand,traffic,42024,36,DE_ESS_MARS_MW_5 Gum_EUR,Compliant,PROGRAMMATIC,DV360,6,GERMANY,EUR,EU/CEABT,DACH,86180,11823,967432,1665,43442,40086.96182,226710,0,0,Dv360
DE,DATAROMA_DE_36,DATAROMA_DE_1,DATAROMA_DE_MW_1,4/25/2024,de_kin_p5-6-vnp_mw_eu_other_brand_social_traffic_na_0424_119034,4/21/2024,6/1/2024,8.625,129386,Kind,miscellaneous,miscellaneous,DATORAMA,DE_5 Gum_mw_eur_Dv360_9,bid-dda,de_kin_p5-6-vnp_mw_eu_other_brand_social,kind,MW,social,brand,traffic,42024,36,DE_ESS_MARS_MW_5 Gum_EUR,Compliant,PROGRAMMATIC,DV360,5,GERMANY,EUR,EU/CEABT,DACH,209095,6552,876731,2348,21443,19786.95093,307516,0,0,Dv360
DE,DATAROMA_DE_36,DATAROMA_DE_1,DATAROMA_DE_MW_1,5/13/2024,de_kin_p5-6-vnp_mw_eu_other_brand_social_traffic_na_0424_119034,4/21/2024,6/1/2024,6.153846154,261382,Kind,miscellaneous,miscellaneous,DATORAMA,DE_5 Gum_mw_eur_Dv360_9,bid-dda,de_kin_p5-6-vnp_mw_eu_other_brand_social,kind,MW,social,brand,traffic,42024,36,DE_ESS_MARS_MW_5 Gum_EUR,Compliant,PROGRAMMATIC,DV360,5,GERMANY,EUR,EU/CEABT,DACH,172441,22397,987031,3714,54731,50504.10909,585095,0,0,Dv360
DE,DATAROMA_DE_36,DATAROMA_DE_1,DATAROMA_DE_MW_1,5/2/2024,de_kin_p5-6-vnp_mw_eu_other_brand_social_traffic_na_0424_119034,4/21/2024,6/1/2024,7.333333333,80292,Kind,miscellaneous,miscellaneous,DATORAMA,DE_5 Gum_mw_eur_Dv360_9,bid-dda,de_kin_p5-6-vnp_mw_eu_other_brand_social,kind,MW,social,brand,traffic,42024,36,DE_ESS_MARS_MW_5 Gum_EUR,Compliant,PROGRAMMATIC,DV360,5,GERMANY,EUR,EU/CEABT,DACH,113644,4938,434907,858,19648,18130.5793,220822,0,0,Dv360
DE,DATAROMA_DE_36,DATAROMA_DE_1,DATAROMA_DE_MW_1,5/10/2024,de_kin_p5-6-vnp_mw_eu_other_brand_social_traffic_na_0424_119034,4/21/2024,6/1/2024,5.7,191584,Kind,miscellaneous,miscellaneous,DATORAMA,DE_5 Gum_mw_eur_Dv360_9,bid-dda,de_kin_p5-6-vnp_mw_eu_other_brand_social,kind,MW,social,brand,traffic,42024,36,DE_ESS_MARS_MW_5 Gum_EUR,Compliant,PROGRAMMATIC,DV360,5,GERMANY,EUR,EU/CEABT,DACH,121981,28611,881696,1450,39328,36290.68722,429171,0,0,Dv360
DE,DATAROMA_DE_36,DATAROMA_DE_1,DATAROMA_DE_MW_1,5/27/2024,de_kin_p5-6-vnp_mw_eu_other_brand_social_traffic_na_0424_119034,4/21/2024,6/1/2024,6.8,365162,Kind,miscellaneous,miscellaneous,DATORAMA,DE_5 Gum_mw_eur_Dv360_9,bid-dda,de_kin_p5-6-vnp_mw_eu_other_brand_social,kind,MW,social,brand,traffic,42024,36,DE_ESS_MARS_MW_5 Gum_EUR,Compliant,PROGRAMMATIC,DV360,6,GERMANY,EUR,EU/CEABT,DACH,228292,34048,1080026,3162,46879,43258.52132,466544,0,0,Dv360
DE,DATAROMA_DE_36,DATAROMA_DE_1,DATAROMA_DE_MW_1,5/1/2024,de_kin_p5-6-vnp_mw_eu_other_brand_social_traffic_na_0424_119034,4/21/2024,6/1/2024,8,80942,Kind,miscellaneous,miscellaneous,DATORAMA,DE_5 Gum_mw_eur_Dv360_9,bid-dda,de_kin_p5-6-vnp_mw_eu_other_brand_social,kind,MW,social,brand,traffic,42024,36,DE_ESS_MARS_MW_5 Gum_EUR,Compliant,PROGRAMMATIC,DV360,5,GERMANY,EUR,EU/CEABT,DACH,117079,12648,411193,1385,14405,13292.4977,217836,0,0,Dv360
DE,DATAROMA_DE_44,DATAROMA_DE_1,DATAROMA_DE_MW_1,9/12/2024,de_kin_p8-9-vnp_mw_eu_other_brand_social_brand_na_0824_119312,8/3/2024,9/18/2024,5.5,403275,Kind,miscellaneous,miscellaneous,DATORAMA,DE_Extra_mw_eur_Dv360_8,bid-dda,de_kin_p8-9-vnp_mw_eu_other_brand_social,kind,MW,social,brand,brand,82024,44,DE_ESS_MARS_MW_Extra_EUR,Compliant,PROGRAMMATIC,DV360,10,GERMANY,EUR,EU/CEABT,DACH,400024,49946,1093763,3140,31320,28901.14737,691443,0,0,Dv360
DE,DATAROMA_DE_44,DATAROMA_DE_1,DATAROMA_DE_MW_1,8/9/2024,de_kin_p8-9-vnp_mw_eu_other_brand_social_brand_na_0824_119312,8/3/2024,9/18/2024,8.2,59301,Kind,miscellaneous,miscellaneous,DATORAMA,DE_Extra_mw_eur_Dv360_8,bid-dda,de_kin_p8-9-vnp_mw_eu_other_brand_social,kind,MW,social,brand,brand,82024,44,DE_ESS_MARS_MW_Extra_EUR,Compliant,PROGRAMMATIC,DV360,8,GERMANY,EUR,EU/CEABT,DACH,254135,27302,466272,897,16035,14796.61233,364400,0,0,Dv360
DE,DATAROMA_DE_44,DATAROMA_DE_1,DATAROMA_DE_MW_1,9/10/2024,de_kin_p8-9-vnp_mw_eu_other_brand_social_brand_na_0824_119312,8/3/2024,9/18/2024,7.75,75303,Kind,miscellaneous,miscellaneous,DATORAMA,DE_Extra_mw_eur_Dv360_8,bid-dda,de_kin_p8-9-vnp_mw_eu_other_brand_social,kind,MW,social,brand,brand,82024,44,DE_ESS_MARS_MW_Extra_EUR,Compliant,PROGRAMMATIC,DV360,10,GERMANY,EUR,EU/CEABT,DACH,155475,20544,542935,1611,36743,33905.32752,356778,0,0,Dv360
DE,DATAROMA_DE_44,DATAROMA_DE_1,DATAROMA_DE_MW_1,9/16/2024,de_kin_p8-9-vnp_mw_eu_other_brand_social_brand_na_0824_119312,8/3/2024,9/18/2024,6.222222222,175476,Kind,miscellaneous,miscellaneous,DATORAMA,DE_Extra_mw_eur_Dv360_8,bid-dda,de_kin_p8-9-vnp_mw_eu_other_brand_social,kind,MW,social,brand,brand,82024,44,DE_ESS_MARS_MW_Extra_EUR,Compliant,PROGRAMMATIC,DV360,10,GERMANY,EUR,EU/CEABT,DACH,296853,46403,813363,2084,28577,26369.99005,490375,0,0,Dv360
DE,DATAROMA_DE_44,DATAROMA_DE_1,DATAROMA_DE_MW_1,8/4/2024,de_kin_p8-9-vnp_mw_eu_other_brand_social_brand_na_0824_119312,8/3/2024,9/18/2024,8.4,146510,Kind,miscellaneous,miscellaneous,DATORAMA,DE_Extra_mw_eur_Dv360_8,bid-dda,de_kin_p8-9-vnp_mw_eu_other_brand_social,kind,MW,social,brand,brand,82024,44,DE_ESS_MARS_MW_Extra_EUR,Compliant,PROGRAMMATIC,DV360,8,GERMANY,EUR,EU/CEABT,DACH,493111,13203,1153056,3649,48450,44708.19253,706829,0,0,Dv360
DE,DATAROMA_DE_44,DATAROMA_DE_1,DATAROMA_DE_MW_1,9/11/2024,de_kin_p8-9-vnp_mw_eu_other_brand_social_brand_na_0824_119312,8/3/2024,9/18/2024,4.666666667,177112,Kind,miscellaneous,miscellaneous,DATORAMA,DE_Extra_mw_eur_Dv360_8,bid-dda,de_kin_p8-9-vnp_mw_eu_other_brand_social,kind,MW,social,brand,brand,82024,44,DE_ESS_MARS_MW_Extra_EUR,Compliant,PROGRAMMATIC,DV360,10,GERMANY,EUR,EU/CEABT,DACH,69290,2189,446028,736,25810,23816.68626,163449,0,0,Dv360
DE,DATAROMA_DE_44,DATAROMA_DE_1,DATAROMA_DE_MW_1,8/18/2024,de_kin_p8-9-vnp_mw_eu_other_brand_social_brand_na_0824_119312,8/3/2024,9/18/2024,5.875,93655,Kind,miscellaneous,miscellaneous,DATORAMA,DE_Extra_mw_eur_Dv360_8,bid-dda,de_kin_p8-9-vnp_mw_eu_other_brand_social,kind,MW,social,brand,brand,82024,44,DE_ESS_MARS_MW_Extra_EUR,Compliant,PROGRAMMATIC,DV360,9,GERMANY,EUR,EU/CEABT,DACH,190533,50244,507905,2372,37226,34351.02529,429727,0,0,Dv360
DE,DATAROMA_DE_44,DATAROMA_DE_1,DATAROMA_DE_MW_1,8/12/2024,de_kin_p8-9-vnp_mw_eu_other_brand_social_brand_na_0824_119312,8/3/2024,9/18/2024,8,65493,Kind,miscellaneous,miscellaneous,DATORAMA,DE_Extra_mw_eur_Dv360_8,bid-dda,de_kin_p8-9-vnp_mw_eu_other_brand_social,kind,MW,social,brand,brand,82024,44,DE_ESS_MARS_MW_Extra_EUR,Compliant,PROGRAMMATIC,DV360,9,GERMANY,EUR,EU/CEABT,DACH,110872,8314,516317,531,25602,23624.75016,191726,0,0,Dv360
DE,DATAROMA_DE_44,DATAROMA_DE_1,DATAROMA_DE_MW_1,8/13/2024,de_kin_p8-9-vnp_mw_eu_other_brand_social_brand_na_0824_119312,8/3/2024,9/18/2024,6.714285714,180931,Kind,miscellaneous,miscellaneous,DATORAMA,DE_Extra_mw_eur_Dv360_8,bid-dda,de_kin_p8-9-vnp_mw_eu_other_brand_social,kind,MW,social,brand,brand,82024,44,DE_ESS_MARS_MW_Extra_EUR,Compliant,PROGRAMMATIC,DV360,9,GERMANY,EUR,EU/CEABT,DACH,112685,950,470506,1574,29042,26799.07797,186405,0,0,Dv360
DE,DATAROMA_DE_44,DATAROMA_DE_1,DATAROMA_DE_MW_1,8/3/2024,de_kin_p8-9-vnp_mw_eu_other_brand_social_brand_na_0824_119312,8/3/2024,9/18/2024,6.25,278472,Kind,miscellaneous,miscellaneous,DATORAMA,DE_Extra_mw_eur_Dv360_8,bid-dda,de_kin_p8-9-vnp_mw_eu_other_brand_social,kind,MW,social,brand,brand,82024,44,DE_ESS_MARS_MW_Extra_EUR,Compliant,PROGRAMMATIC,DV360,8,GERMANY,EUR,EU/CEABT,DACH,377542,19787,1229329,3396,41133,37956.28655,731097,1581584.212,1459438.008,Dv360
DE,DATAROMA_DE_44,DATAROMA_DE_1,DATAROMA_DE_MW_1,8/6/2024,de_kin_p8-9-vnp_mw_eu_other_brand_social_brand_na_0824_119312,8/3/2024,9/18/2024,3.666666667,250514,Kind,miscellaneous,miscellaneous,DATORAMA,DE_Extra_mw_eur_Dv360_8,bid-dda,de_kin_p8-9-vnp_mw_eu_other_brand_social,kind,MW,social,brand,brand,82024,44,DE_ESS_MARS_MW_Extra_EUR,Compliant,PROGRAMMATIC,DV360,8,GERMANY,EUR,EU/CEABT,DACH,100105,6363,510578,901,27896,25741.58388,172184,0,0,Dv360
DE,DATAROMA_DE_44,DATAROMA_DE_1,DATAROMA_DE_MW_1,8/11/2024,de_kin_p8-9-vnp_mw_eu_other_brand_social_brand_na_0824_119312,8/3/2024,9/18/2024,5.888888889,345497,Kind,miscellaneous,miscellaneous,DATORAMA,DE_Extra_mw_eur_Dv360_8,bid-dda,de_kin_p8-9-vnp_mw_eu_other_brand_social,kind,MW,social,brand,brand,82024,44,DE_ESS_MARS_MW_Extra_EUR,Compliant,PROGRAMMATIC,DV360,9,GERMANY,EUR,EU/CEABT,DACH,422133,53741,1681377,3582,72895,67265.29814,945871,0,0,Dv360
DE,DATAROMA_DE_44,DATAROMA_DE_1,DATAROMA_DE_MW_1,8/26/2024,de_kin_p8-9-vnp_mw_eu_other_brand_social_brand_na_0824_119312,8/3/2024,9/18/2024,7.272727273,271509,Kind,miscellaneous,miscellaneous,DATORAMA,DE_Extra_mw_eur_Dv360_8,bid-dda,de_kin_p8-9-vnp_mw_eu_other_brand_social,kind,MW,social,brand,brand,82024,44,DE_ESS_MARS_MW_Extra_EUR,Compliant,PROGRAMMATIC,DV360,9,GERMANY,EUR,EU/CEABT,DACH,146230,32277,908896,1237,43766,40385.93921,251762,0,0,Dv360
DE,DATAROMA_DE_44,DATAROMA_DE_1,DATAROMA_DE_MW_1,9/9/2024,de_kin_p8-9-vnp_mw_eu_other_brand_social_brand_na_0824_119312,8/3/2024,9/18/2024,5,220369,Kind,miscellaneous,miscellaneous,DATORAMA,DE_Extra_mw_eur_Dv360_8,bid-dda,de_kin_p8-9-vnp_mw_eu_other_brand_social,kind,MW,social,brand,brand,82024,44,DE_ESS_MARS_MW_Extra_EUR,Compliant,PROGRAMMATIC,DV360,10,GERMANY,EUR,EU/CEABT,DACH,192560,20139,718538,1818,49006,45221.25249,392835,0,0,Dv360
DE,DATAROMA_DE_44,DATAROMA_DE_1,DATAROMA_DE_MW_1,8/7/2024,de_kin_p8-9-vnp_mw_eu_other_brand_social_brand_na_0824_119312,8/3/2024,9/18/2024,9.6,130372,Kind,miscellaneous,miscellaneous,DATORAMA,DE_Extra_mw_eur_Dv360_8,bid-dda,de_kin_p8-9-vnp_mw_eu_other_brand_social,kind,MW,social,brand,brand,82024,44,DE_ESS_MARS_MW_Extra_EUR,Compliant,PROGRAMMATIC,DV360,8,GERMANY,EUR,EU/CEABT,DACH,262356,34356,1076103,2057,57264,52841.48477,459142,0,0,Dv360
DE,DATAROMA_DE_44,DATAROMA_DE_1,DATAROMA_DE_MW_1,8/22/2024,de_kin_p8-9-vnp_mw_eu_other_brand_social_brand_na_0824_119312,8/3/2024,9/18/2024,7.75,153254,Kind,miscellaneous,miscellaneous,DATORAMA,DE_Extra_mw_eur_Dv360_8,bid-dda,de_kin_p8-9-vnp_mw_eu_other_brand_social,kind,MW,social,brand,brand,82024,44,DE_ESS_MARS_MW_Extra_EUR,Compliant,PROGRAMMATIC,DV360,9,GERMANY,EUR,EU/CEABT,DACH,83460,5184,608649,1161,20851,19240.67126,196811,0,0,Dv360
DE,DATAROMA_DE_44,DATAROMA_DE_1,DATAROMA_DE_MW_1,9/4/2024,de_kin_p8-9-vnp_mw_eu_other_brand_social_brand_na_0824_119312,8/3/2024,9/18/2024,7.285714286,181687,Kind,miscellaneous,miscellaneous,DATORAMA,DE_Extra_mw_eur_Dv360_8,bid-dda,de_kin_p8-9-vnp_mw_eu_other_brand_social,kind,MW,social,brand,brand,82024,44,DE_ESS_MARS_MW_Extra_EUR,Compliant,PROGRAMMATIC,DV360,9,GERMANY,EUR,EU/CEABT,DACH,266561,89779,1093669,2579,62190,57387.04837,624557,0,0,Dv360
DE,DATAROMA_DE_44,DATAROMA_DE_1,DATAROMA_DE_MW_1,8/28/2024,de_kin_p8-9-vnp_mw_eu_other_brand_social_brand_na_0824_119312,8/3/2024,9/18/2024,8.2,183779,Kind,miscellaneous,miscellaneous,DATORAMA,DE_Extra_mw_eur_Dv360_8,bid-dda,de_kin_p8-9-vnp_mw_eu_other_brand_social,kind,MW,social,brand,brand,82024,44,DE_ESS_MARS_MW_Extra_EUR,Compliant,PROGRAMMATIC,DV360,9,GERMANY,EUR,EU/CEABT,DACH,216658,76825,820958,2355,47721,44035.49341,388972,0,0,Dv360
DE,DATAROMA_DE_44,DATAROMA_DE_1,DATAROMA_DE_MW_1,9/3/2024,de_kin_p8-9-vnp_mw_eu_other_brand_social_brand_na_0824_119312,8/3/2024,9/18/2024,8.272727273,152513,Kind,miscellaneous,miscellaneous,DATORAMA,DE_Extra_mw_eur_Dv360_8,bid-dda,de_kin_p8-9-vnp_mw_eu_other_brand_social,kind,MW,social,brand,brand,82024,44,DE_ESS_MARS_MW_Extra_EUR,Compliant,PROGRAMMATIC,DV360,9,GERMANY,EUR,EU/CEABT,DACH,316933,36264,1044021,3023,45344,41842.06981,529114,0,0,Dv360
DE,DATAROMA_DE_44,DATAROMA_DE_1,DATAROMA_DE_MW_1,8/17/2024,de_kin_p8-9-vnp_mw_eu_other_brand_social_brand_na_0824_119312,8/3/2024,9/18/2024,5.363636364,320152,Kind,miscellaneous,miscellaneous,DATORAMA,DE_Extra_mw_eur_Dv360_8,bid-dda,de_kin_p8-9-vnp_mw_eu_other_brand_social,kind,MW,social,brand,brand,82024,44,DE_ESS_MARS_MW_Extra_EUR,Compliant,PROGRAMMATIC,DV360,9,GERMANY,EUR,EU/CEABT,DACH,238535,14968,1120106,1912,39718,36650.56741,469069,0,0,Dv360
DE,DATAROMA_DE_44,DATAROMA_DE_1,DATAROMA_DE_MW_1,8/30/2024,de_kin_p8-9-vnp_mw_eu_other_brand_social_brand_na_0824_119312,8/3/2024,9/18/2024,5.375,179856,Kind,miscellaneous,miscellaneous,DATORAMA,DE_Extra_mw_eur_Dv360_8,bid-dda,de_kin_p8-9-vnp_mw_eu_other_brand_social,kind,MW,social,brand,brand,82024,44,DE_ESS_MARS_MW_Extra_EUR,Compliant,PROGRAMMATIC,DV360,9,GERMANY,EUR,EU/CEABT,DACH,83115,22987,780324,1681,37266,34387.93608,265940,0,0,Dv360
DE,DATAROMA_DE_44,DATAROMA_DE_1,DATAROMA_DE_MW_1,8/19/2024,de_kin_p8-9-vnp_mw_eu_other_brand_social_brand_na_0824_119312,8/3/2024,9/18/2024,8.8,79694,Kind,miscellaneous,miscellaneous,DATORAMA,DE_Extra_mw_eur_Dv360_8,bid-dda,de_kin_p8-9-vnp_mw_eu_other_brand_social,kind,MW,social,brand,brand,82024,44,DE_ESS_MARS_MW_Extra_EUR,Compliant,PROGRAMMATIC,DV360,9,GERMANY,EUR,EU/CEABT,DACH,99771,5994,459234,888,29927,27615.72916,191153,0,0,Dv360
DE,DATAROMA_DE_44,DATAROMA_DE_1,DATAROMA_DE_MW_1,9/7/2024,de_kin_p8-9-vnp_mw_eu_other_brand_social_brand_na_0824_119312,8/3/2024,9/18/2024,5.777777778,256888,Kind,miscellaneous,miscellaneous,DATORAMA,DE_Extra_mw_eur_Dv360_8,bid-dda,de_kin_p8-9-vnp_mw_eu_other_brand_social,kind,MW,social,brand,brand,82024,44,DE_ESS_MARS_MW_Extra_EUR,Compliant,PROGRAMMATIC,DV360,9,GERMANY,EUR,EU/CEABT,DACH,99200,17377,606209,617,43978,40581.56638,201805,0,0,Dv360
DE,DATAROMA_DE_44,DATAROMA_DE_1,DATAROMA_DE_MW_1,8/31/2024,de_kin_p8-9-vnp_mw_eu_other_brand_social_brand_na_0824_119312,8/3/2024,9/18/2024,7.571428571,128329,Kind,miscellaneous,miscellaneous,DATORAMA,DE_Extra_mw_eur_Dv360_8,bid-dda,de_kin_p8-9-vnp_mw_eu_other_brand_social,kind,MW,social,brand,brand,82024,44,DE_ESS_MARS_MW_Extra_EUR,Compliant,PROGRAMMATIC,DV360,9,GERMANY,EUR,EU/CEABT,DACH,170421,5873,653820,1639,13763,12700.07954,308548,0,0,Dv360
DE,DATAROMA_DE_44,DATAROMA_DE_1,DATAROMA_DE_MW_1,9/14/2024,de_kin_p8-9-vnp_mw_eu_other_brand_social_brand_na_0824_119312,8/3/2024,9/18/2024,7.25,22463,Kind,miscellaneous,miscellaneous,DATORAMA,DE_Extra_mw_eur_Dv360_8,bid-dda,de_kin_p8-9-vnp_mw_eu_other_brand_social,kind,MW,social,brand,brand,82024,44,DE_ESS_MARS_MW_Extra_EUR,Compliant,PROGRAMMATIC,DV360,10,GERMANY,EUR,EU/CEABT,DACH,20223,6094,115887,162,23760,21925.00835,33380,0,0,Dv360
DE,DATAROMA_DE_44,DATAROMA_DE_1,DATAROMA_DE_MW_1,9/17/2024,de_kin_p8-9-vnp_mw_eu_other_brand_social_brand_na_0824_119312,8/3/2024,9/18/2024,9.166666667,71841,Kind,miscellaneous,miscellaneous,DATORAMA,DE_Extra_mw_eur_Dv360_8,bid-dda,de_kin_p8-9-vnp_mw_eu_other_brand_social,kind,MW,social,brand,brand,82024,44,DE_ESS_MARS_MW_Extra_EUR,Compliant,PROGRAMMATIC,DV360,10,GERMANY,EUR,EU/CEABT,DACH,98969,10860,514246,931,24253,22379.93382,168130,0,0,Dv360
DE,DATAROMA_DE_44,DATAROMA_DE_1,DATAROMA_DE_MW_1,8/21/2024,de_kin_p8-9-vnp_mw_eu_other_brand_social_brand_na_0824_119312,8/3/2024,9/18/2024,6.692307692,226254,Kind,miscellaneous,miscellaneous,DATORAMA,DE_Extra_mw_eur_Dv360_8,bid-dda,de_kin_p8-9-vnp_mw_eu_other_brand_social,kind,MW,social,brand,brand,82024,44,DE_ESS_MARS_MW_Extra_EUR,Compliant,PROGRAMMATIC,DV360,9,GERMANY,EUR,EU/CEABT,DACH,352910,23203,1029695,1977,47069,43433.84756,563579,0,0,Dv360
DE,DATAROMA_DE_44,DATAROMA_DE_1,DATAROMA_DE_MW_1,8/20/2024,de_kin_p8-9-vnp_mw_eu_other_brand_social_brand_na_0824_119312,8/3/2024,9/18/2024,6.75,91008,Kind,miscellaneous,miscellaneous,DATORAMA,DE_Extra_mw_eur_Dv360_8,bid-dda,de_kin_p8-9-vnp_mw_eu_other_brand_social,kind,MW,social,brand,brand,82024,44,DE_ESS_MARS_MW_Extra_EUR,Compliant,PROGRAMMATIC,DV360,9,GERMANY,EUR,EU/CEABT,DACH,248727,12069,606944,1126,25583,23607.21754,377405,0,0,Dv360
DE,DATAROMA_DE_44,DATAROMA_DE_1,DATAROMA_DE_MW_1,9/2/2024,de_kin_p8-9-vnp_mw_eu_other_brand_social_brand_na_0824_119312,8/3/2024,9/18/2024,6.777777778,217174,Kind,miscellaneous,miscellaneous,DATORAMA,DE_Extra_mw_eur_Dv360_8,bid-dda,de_kin_p8-9-vnp_mw_eu_other_brand_social,kind,MW,social,brand,brand,82024,44,DE_ESS_MARS_MW_Extra_EUR,Compliant,PROGRAMMATIC,DV360,9,GERMANY,EUR,EU/CEABT,DACH,171172,18830,945109,3775,31592,29152.14073,494084,0,0,Dv360
DE,DATAROMA_DE_44,DATAROMA_DE_1,DATAROMA_DE_MW_1,8/23/2024,de_kin_p8-9-vnp_mw_eu_other_brand_social_brand_na_0824_119312,8/3/2024,9/18/2024,9,70668,Kind,miscellaneous,miscellaneous,DATORAMA,DE_Extra_mw_eur_Dv360_8,bid-dda,de_kin_p8-9-vnp_mw_eu_other_brand_social,kind,MW,social,brand,brand,82024,44,DE_ESS_MARS_MW_Extra_EUR,Compliant,PROGRAMMATIC,DV360,9,GERMANY,EUR,EU/CEABT,DACH,140879,16030,568481,1400,23005,21228.31722,235859,0,0,Dv360
DE,DATAROMA_DE_44,DATAROMA_DE_1,DATAROMA_DE_MW_1,9/13/2024,de_kin_p8-9-vnp_mw_eu_other_brand_social_brand_na_0824_119312,8/3/2024,9/18/2024,5.375,185708,Kind,miscellaneous,miscellaneous,DATORAMA,DE_Extra_mw_eur_Dv360_8,bid-dda,de_kin_p8-9-vnp_mw_eu_other_brand_social,kind,MW,social,brand,brand,82024,44,DE_ESS_MARS_MW_Extra_EUR,Compliant,PROGRAMMATIC,DV360,10,GERMANY,EUR,EU/CEABT,DACH,78908,20802,461817,901,28007,25844.01132,229076,0,0,Dv360
DE,DATAROMA_DE_44,DATAROMA_DE_1,DATAROMA_DE_MW_1,8/29/2024,de_kin_p8-9-vnp_mw_eu_other_brand_social_brand_na_0824_119312,8/3/2024,9/18/2024,9,10780,Kind,miscellaneous,miscellaneous,DATORAMA,DE_Extra_mw_eur_Dv360_8,bid-dda,de_kin_p8-9-vnp_mw_eu_other_brand_social,kind,MW,social,brand,brand,82024,44,DE_ESS_MARS_MW_Extra_EUR,Compliant,PROGRAMMATIC,DV360,9,GERMANY,EUR,EU/CEABT,DACH,25637,3730,100442,295,9972,9201.859566,68640,0,0,Dv360
DE,DATAROMA_DE_44,DATAROMA_DE_1,DATAROMA_DE_MW_1,8/5/2024,de_kin_p8-9-vnp_mw_eu_other_brand_social_brand_na_0824_119312,8/3/2024,9/18/2024,6.714285714,156605,Kind,miscellaneous,miscellaneous,DATORAMA,DE_Extra_mw_eur_Dv360_8,bid-dda,de_kin_p8-9-vnp_mw_eu_other_brand_social,kind,MW,social,brand,brand,82024,44,DE_ESS_MARS_MW_Extra_EUR,Compliant,PROGRAMMATIC,DV360,8,GERMANY,EUR,EU/CEABT,DACH,183935,37741,500373,1513,24115,22252.5916,354937,0,0,Dv360
DE,DATAROMA_DE_44,DATAROMA_DE_1,DATAROMA_DE_MW_1,8/8/2024,de_kin_p8-9-vnp_mw_eu_other_brand_social_brand_na_0824_119312,8/3/2024,9/18/2024,6,271865,Kind,miscellaneous,miscellaneous,DATORAMA,DE_Extra_mw_eur_Dv360_8,bid-dda,de_kin_p8-9-vnp_mw_eu_other_brand_social,kind,MW,social,brand,brand,82024,44,DE_ESS_MARS_MW_Extra_EUR,Compliant,PROGRAMMATIC,DV360,8,GERMANY,EUR,EU/CEABT,DACH,239856,70701,1132367,3312,52279,48241.47776,642243,0,0,Dv360
DE,DATAROMA_DE_59,DATAROMA_DE_1,DATAROMA_DE_MW_1,7/23/2024,de_kin_p8-9-vnp_mw_eu_other_brand_olv_multiple_dir-nadr_0724_113897,7/23/2024,9/7/2024,6.625,91653,Kind,miscellaneous,miscellaneous,DATORAMA,DE_M&Ms_mw_eur_Dv360_12,bid-nadr,de_kin_p8-9-vnp_mw_eu_other_brand_olv,kind,MW,olv,brand,multiple,72024,59,DE_ESS_MARS_MW_M&Ms_EUR,Compliant,PROGRAMMATIC,DV360,8,GERMANY,EUR,EU/CEABT,DACH,63705,22211,569736,785,27164,25066.11645,180714,2492376.758,2299889.782,Dv360
DE,DATAROMA_DE_59,DATAROMA_DE_1,DATAROMA_DE_MW_1,9/6/2024,de_kin_p8-9-vnp_mw_eu_other_brand_olv_multiple_dir-nadr_0724_113897,7/23/2024,9/7/2024,4.875,187420,Kind,miscellaneous,miscellaneous,DATORAMA,DE_M&Ms_mw_eur_Dv360_12,bid-nadr,de_kin_p8-9-vnp_mw_eu_other_brand_olv,kind,MW,olv,brand,multiple,72024,59,DE_ESS_MARS_MW_M&Ms_EUR,Compliant,PROGRAMMATIC,DV360,9,GERMANY,EUR,EU/CEABT,DACH,98704,9816,627473,1377,35585,32836.76019,206270,0,0,Dv360
DE,DATAROMA_DE_59,DATAROMA_DE_1,DATAROMA_DE_MW_1,7/31/2024,de_kin_p8-9-vnp_mw_eu_other_brand_olv_multiple_dir-nadr_0724_113897,7/23/2024,9/7/2024,6.388888889,305976,Kind,miscellaneous,miscellaneous,DATORAMA,DE_M&Ms_mw_eur_Dv360_12,bid-nadr,de_kin_p8-9-vnp_mw_eu_other_brand_olv,kind,MW,olv,brand,multiple,72024,59,DE_ESS_MARS_MW_M&Ms_EUR,Compliant,PROGRAMMATIC,DV360,8,GERMANY,EUR,EU/CEABT,DACH,443408,58031,1331881,3722,74317,68577.47667,763860,0,0,Dv360
DE,DATAROMA_DE_59,DATAROMA_DE_1,DATAROMA_DE_MW_1,8/24/2024,de_kin_p8-9-vnp_mw_eu_other_brand_olv_multiple_dir-nadr_0724_113897,7/23/2024,9/7/2024,6.125,259914,Kind,miscellaneous,miscellaneous,DATORAMA,DE_M&Ms_mw_eur_Dv360_12,bid-nadr,de_kin_p8-9-vnp_mw_eu_other_brand_olv,kind,MW,olv,brand,multiple,72024,59,DE_ESS_MARS_MW_M&Ms_EUR,Compliant,PROGRAMMATIC,DV360,9,GERMANY,EUR,EU/CEABT,DACH,250919,29962,796320,2783,28503,26301.70509,441791,0,0,Dv360
DE,DATAROMA_DE_59,DATAROMA_DE_1,DATAROMA_DE_MW_1,8/26/2024,de_kin_p8-9-vnp_mw_eu_other_brand_olv_multiple_dir-nadr_0724_113897,7/23/2024,9/7/2024,5.777777778,357211,Kind,miscellaneous,miscellaneous,DATORAMA,DE_M&Ms_mw_eur_Dv360_12,bid-nadr,de_kin_p8-9-vnp_mw_eu_other_brand_olv,kind,MW,olv,brand,multiple,72024,59,DE_ESS_MARS_MW_M&Ms_EUR,Compliant,PROGRAMMATIC,DV360,9,GERMANY,EUR,EU/CEABT,DACH,265596,18670,981936,1568,34218,31575.334,393752,0,0,Dv360
DE,DATAROMA_DE_59,DATAROMA_DE_1,DATAROMA_DE_MW_1,8/12/2024,de_kin_p8-9-vnp_mw_eu_other_brand_olv_multiple_dir-nadr_0724_113897,7/23/2024,9/7/2024,8.5,116454,Kind,miscellaneous,miscellaneous,DATORAMA,DE_M&Ms_mw_eur_Dv360_12,bid-nadr,de_kin_p8-9-vnp_mw_eu_other_brand_olv,kind,MW,olv,brand,multiple,72024,59,DE_ESS_MARS_MW_M&Ms_EUR,Compliant,PROGRAMMATIC,DV360,9,GERMANY,EUR,EU/CEABT,DACH,225756,24924,807771,3391,55436,51154.66174,431720,0,0,Dv360
DE,DATAROMA_DE_59,DATAROMA_DE_1,DATAROMA_DE_MW_1,8/2/2024,de_kin_p8-9-vnp_mw_eu_other_brand_olv_multiple_dir-nadr_0724_113897,7/23/2024,9/7/2024,4.3,383708,Kind,miscellaneous,miscellaneous,DATORAMA,DE_M&Ms_mw_eur_Dv360_12,bid-nadr,de_kin_p8-9-vnp_mw_eu_other_brand_olv,kind,MW,olv,brand,multiple,72024,59,DE_ESS_MARS_MW_M&Ms_EUR,Compliant,PROGRAMMATIC,DV360,8,GERMANY,EUR,EU/CEABT,DACH,222949,23487,944773,1418,45908,42362.51193,434689,0,0,Dv360
DE,DATAROMA_DE_59,DATAROMA_DE_1,DATAROMA_DE_MW_1,8/19/2024,de_kin_p8-9-vnp_mw_eu_other_brand_olv_multiple_dir-nadr_0724_113897,7/23/2024,9/7/2024,5.947368421,665975,Kind,miscellaneous,miscellaneous,DATORAMA,DE_M&Ms_mw_eur_Dv360_12,bid-nadr,de_kin_p8-9-vnp_mw_eu_other_brand_olv,kind,MW,olv,brand,multiple,72024,59,DE_ESS_MARS_MW_M&Ms_EUR,Compliant,PROGRAMMATIC,DV360,9,GERMANY,EUR,EU/CEABT,DACH,393993,30352,1821388,5221,71042,65555.40586,897530,0,0,Dv360
DE,DATAROMA_DE_59,DATAROMA_DE_1,DATAROMA_DE_MW_1,8/1/2024,de_kin_p8-9-vnp_mw_eu_other_brand_olv_multiple_dir-nadr_0724_113897,7/23/2024,9/7/2024,6.727272727,352463,Kind,miscellaneous,miscellaneous,DATORAMA,DE_M&Ms_mw_eur_Dv360_12,bid-nadr,de_kin_p8-9-vnp_mw_eu_other_brand_olv,kind,MW,olv,brand,multiple,72024,59,DE_ESS_MARS_MW_M&Ms_EUR,Compliant,PROGRAMMATIC,DV360,8,GERMANY,EUR,EU/CEABT,DACH,258829,27281,1045523,2779,48500,44754.33102,629948,0,0,Dv360
DE,DATAROMA_DE_59,DATAROMA_DE_1,DATAROMA_DE_MW_1,8/22/2024,de_kin_p8-9-vnp_mw_eu_other_brand_olv_multiple_dir-nadr_0724_113897,7/23/2024,9/7/2024,5.75,151953,Kind,miscellaneous,miscellaneous,DATORAMA,DE_M&Ms_mw_eur_Dv360_12,bid-nadr,de_kin_p8-9-vnp_mw_eu_other_brand_olv,kind,MW,olv,brand,multiple,72024,59,DE_ESS_MARS_MW_M&Ms_EUR,Compliant,PROGRAMMATIC,DV360,9,GERMANY,EUR,EU/CEABT,DACH,98278,28483,704604,1155,28652,26439.19778,293944,0,0,Dv360
DE,DATAROMA_DE_59,DATAROMA_DE_1,DATAROMA_DE_MW_1,7/28/2024,de_kin_p8-9-vnp_mw_eu_other_brand_olv_multiple_dir-nadr_0724_113897,7/23/2024,9/7/2024,6.111111111,154586,Kind,miscellaneous,miscellaneous,DATORAMA,DE_M&Ms_mw_eur_Dv360_12,bid-nadr,de_kin_p8-9-vnp_mw_eu_other_brand_olv,kind,MW,olv,brand,multiple,72024,59,DE_ESS_MARS_MW_M&Ms_EUR,Compliant,PROGRAMMATIC,DV360,8,GERMANY,EUR,EU/CEABT,DACH,171691,31854,686036,2054,33694,31091.80267,363021,0,0,Dv360
DE,DATAROMA_DE_59,DATAROMA_DE_1,DATAROMA_DE_MW_1,8/18/2024,de_kin_p8-9-vnp_mw_eu_other_brand_olv_multiple_dir-nadr_0724_113897,7/23/2024,9/7/2024,7.866666667,198279,Kind,miscellaneous,miscellaneous,DATORAMA,DE_M&Ms_mw_eur_Dv360_12,bid-nadr,de_kin_p8-9-vnp_mw_eu_other_brand_olv,kind,MW,olv,brand,multiple,72024,59,DE_ESS_MARS_MW_M&Ms_EUR,Compliant,PROGRAMMATIC,DV360,9,GERMANY,EUR,EU/CEABT,DACH,496563,77666,1355401,2324,62066,57272.62493,816895,0,0,Dv360
DE,DATAROMA_DE_59,DATAROMA_DE_1,DATAROMA_DE_MW_1,9/4/2024,de_kin_p8-9-vnp_mw_eu_other_brand_olv_multiple_dir-nadr_0724_113897,7/23/2024,9/7/2024,6.545454545,227563,Kind,miscellaneous,miscellaneous,DATORAMA,DE_M&Ms_mw_eur_Dv360_12,bid-nadr,de_kin_p8-9-vnp_mw_eu_other_brand_olv,kind,MW,olv,brand,multiple,72024,59,DE_ESS_MARS_MW_M&Ms_EUR,Compliant,PROGRAMMATIC,DV360,9,GERMANY,EUR,EU/CEABT,DACH,336122,93629,1035181,2600,45780,42244.3974,622502,0,0,Dv360
DE,DATAROMA_DE_59,DATAROMA_DE_1,DATAROMA_DE_MW_1,7/24/2024,de_kin_p8-9-vnp_mw_eu_other_brand_olv_multiple_dir-nadr_0724_113897,7/23/2024,9/7/2024,6,238984,Kind,miscellaneous,miscellaneous,DATORAMA,DE_M&Ms_mw_eur_Dv360_12,bid-nadr,de_kin_p8-9-vnp_mw_eu_other_brand_olv,kind,MW,olv,brand,multiple,72024,59,DE_ESS_MARS_MW_M&Ms_EUR,Compliant,PROGRAMMATIC,DV360,8,GERMANY,EUR,EU/CEABT,DACH,46479,17492,733298,1117,28004,25841.24301,260393,0,0,Dv360
DE,DATAROMA_DE_59,DATAROMA_DE_1,DATAROMA_DE_MW_1,8/17/2024,de_kin_p8-9-vnp_mw_eu_other_brand_olv_multiple_dir-nadr_0724_113897,7/23/2024,9/7/2024,5.692307692,389129,Kind,miscellaneous,miscellaneous,DATORAMA,DE_M&Ms_mw_eur_Dv360_12,bid-nadr,de_kin_p8-9-vnp_mw_eu_other_brand_olv,kind,MW,olv,brand,multiple,72024,59,DE_ESS_MARS_MW_M&Ms_EUR,Compliant,PROGRAMMATIC,DV360,9,GERMANY,EUR,EU/CEABT,DACH,263819,23455,1010829,3050,44517,41078.93926,460191,0,0,Dv360
DE,DATAROMA_DE_59,DATAROMA_DE_1,DATAROMA_DE_MW_1,8/11/2024,de_kin_p8-9-vnp_mw_eu_other_brand_olv_multiple_dir-nadr_0724_113897,7/23/2024,9/7/2024,6.2,395752,Kind,miscellaneous,miscellaneous,DATORAMA,DE_M&Ms_mw_eur_Dv360_12,bid-nadr,de_kin_p8-9-vnp_mw_eu_other_brand_olv,kind,MW,olv,brand,multiple,72024,59,DE_ESS_MARS_MW_M&Ms_EUR,Compliant,PROGRAMMATIC,DV360,9,GERMANY,EUR,EU/CEABT,DACH,342929,24037,1440982,4820,57333,52905.15588,771565,0,0,Dv360
DE,DATAROMA_DE_59,DATAROMA_DE_1,DATAROMA_DE_MW_1,8/6/2024,de_kin_p8-9-vnp_mw_eu_other_brand_olv_multiple_dir-nadr_0724_113897,7/23/2024,9/7/2024,5.333333333,285755,Kind,miscellaneous,miscellaneous,DATORAMA,DE_M&Ms_mw_eur_Dv360_12,bid-nadr,de_kin_p8-9-vnp_mw_eu_other_brand_olv,kind,MW,olv,brand,multiple,72024,59,DE_ESS_MARS_MW_M&Ms_EUR,Compliant,PROGRAMMATIC,DV360,8,GERMANY,EUR,EU/CEABT,DACH,225773,12054,802796,1899,60181,55533.20402,408778,0,0,Dv360
DE,DATAROMA_DE_59,DATAROMA_DE_1,DATAROMA_DE_MW_1,8/8/2024,de_kin_p8-9-vnp_mw_eu_other_brand_olv_multiple_dir-nadr_0724_113897,7/23/2024,9/7/2024,7.3,154304,Kind,miscellaneous,miscellaneous,DATORAMA,DE_M&Ms_mw_eur_Dv360_12,bid-nadr,de_kin_p8-9-vnp_mw_eu_other_brand_olv,kind,MW,olv,brand,multiple,72024,59,DE_ESS_MARS_MW_M&Ms_EUR,Compliant,PROGRAMMATIC,DV360,8,GERMANY,EUR,EU/CEABT,DACH,256432,72343,895545,2713,44696,41244.11504,449021,0,0,Dv360
DE,DATAROMA_DE_59,DATAROMA_DE_1,DATAROMA_DE_MW_1,8/9/2024,de_kin_p8-9-vnp_mw_eu_other_brand_olv_multiple_dir-nadr_0724_113897,7/23/2024,9/7/2024,3.6,496562,Kind,miscellaneous,miscellaneous,DATORAMA,DE_M&Ms_mw_eur_Dv360_12,bid-nadr,de_kin_p8-9-vnp_mw_eu_other_brand_olv,kind,MW,olv,brand,multiple,72024,59,DE_ESS_MARS_MW_M&Ms_EUR,Compliant,PROGRAMMATIC,DV360,8,GERMANY,EUR,EU/CEABT,DACH,261316,26548,1007488,3719,38372,35408.51938,642898,0,0,Dv360
DE,DATAROMA_DE_59,DATAROMA_DE_1,DATAROMA_DE_MW_1,9/7/2024,de_kin_p8-9-vnp_mw_eu_other_brand_olv_multiple_dir-nadr_0724_113897,7/23/2024,9/7/2024,5.181818182,214179,Kind,miscellaneous,miscellaneous,DATORAMA,DE_M&Ms_mw_eur_Dv360_12,bid-nadr,de_kin_p8-9-vnp_mw_eu_other_brand_olv,kind,MW,olv,brand,multiple,72024,59,DE_ESS_MARS_MW_M&Ms_EUR,Compliant,PROGRAMMATIC,DV360,9,GERMANY,EUR,EU/CEABT,DACH,208661,41010,1045825,2504,38630,35646.59397,408221,0,0,Dv360
DE,DATAROMA_DE_59,DATAROMA_DE_1,DATAROMA_DE_MW_1,8/7/2024,de_kin_p8-9-vnp_mw_eu_other_brand_olv_multiple_dir-nadr_0724_113897,7/23/2024,9/7/2024,8,110053,Kind,miscellaneous,miscellaneous,DATORAMA,DE_M&Ms_mw_eur_Dv360_12,bid-nadr,de_kin_p8-9-vnp_mw_eu_other_brand_olv,kind,MW,olv,brand,multiple,72024,59,DE_ESS_MARS_MW_M&Ms_EUR,Compliant,PROGRAMMATIC,DV360,8,GERMANY,EUR,EU/CEABT,DACH,120374,16366,610547,962,20282,18715.61529,214898,0,0,Dv360
DE,DATAROMA_DE_59,DATAROMA_DE_1,DATAROMA_DE_MW_1,8/20/2024,de_kin_p8-9-vnp_mw_eu_other_brand_olv_multiple_dir-nadr_0724_113897,7/23/2024,9/7/2024,4.714285714,142876,Kind,miscellaneous,miscellaneous,DATORAMA,DE_M&Ms_mw_eur_Dv360_12,bid-nadr,de_kin_p8-9-vnp_mw_eu_other_brand_olv,kind,MW,olv,brand,multiple,72024,59,DE_ESS_MARS_MW_M&Ms_EUR,Compliant,PROGRAMMATIC,DV360,9,GERMANY,EUR,EU/CEABT,DACH,95945,21356,520405,1195,20152,18595.65523,179791,0,0,Dv360
DE,DATAROMA_DE_59,DATAROMA_DE_1,DATAROMA_DE_MW_1,9/2/2024,de_kin_p8-9-vnp_mw_eu_other_brand_olv_multiple_dir-nadr_0724_113897,7/23/2024,9/7/2024,5.625,284284,Kind,miscellaneous,miscellaneous,DATORAMA,DE_M&Ms_mw_eur_Dv360_12,bid-nadr,de_kin_p8-9-vnp_mw_eu_other_brand_olv,kind,MW,olv,brand,multiple,72024,59,DE_ESS_MARS_MW_M&Ms_EUR,Compliant,PROGRAMMATIC,DV360,9,GERMANY,EUR,EU/CEABT,DACH,342310,24985,913095,3102,34293,31644.54172,504775,0,0,Dv360
DE,DATAROMA_DE_59,DATAROMA_DE_1,DATAROMA_DE_MW_1,8/16/2024,de_kin_p8-9-vnp_mw_eu_other_brand_olv_multiple_dir-nadr_0724_113897,7/23/2024,9/7/2024,7,212123,Kind,miscellaneous,miscellaneous,DATORAMA,DE_M&Ms_mw_eur_Dv360_12,bid-nadr,de_kin_p8-9-vnp_mw_eu_other_brand_olv,kind,MW,olv,brand,multiple,72024,59,DE_ESS_MARS_MW_M&Ms_EUR,Compliant,PROGRAMMATIC,DV360,9,GERMANY,EUR,EU/CEABT,DACH,272855,34086,751167,2222,27053,24963.68901,421711,0,0,Dv360
DE,DATAROMA_DE_59,DATAROMA_DE_1,DATAROMA_DE_MW_1,8/31/2024,de_kin_p8-9-vnp_mw_eu_other_brand_olv_multiple_dir-nadr_0724_113897,7/23/2024,9/7/2024,6.090909091,177450,Kind,miscellaneous,miscellaneous,DATORAMA,DE_M&Ms_mw_eur_Dv360_12,bid-nadr,de_kin_p8-9-vnp_mw_eu_other_brand_olv,kind,MW,olv,brand,multiple,72024,59,DE_ESS_MARS_MW_M&Ms_EUR,Compliant,PROGRAMMATIC,DV360,9,GERMANY,EUR,EU/CEABT,DACH,272953,39826,786833,1708,39511,36459.55408,416918,0,0,Dv360
DE,DATAROMA_DE_59,DATAROMA_DE_1,DATAROMA_DE_MW_1,8/28/2024,de_kin_p8-9-vnp_mw_eu_other_brand_olv_multiple_dir-nadr_0724_113897,7/23/2024,9/7/2024,8.25,230478,Kind,miscellaneous,miscellaneous,DATORAMA,DE_M&Ms_mw_eur_Dv360_12,bid-nadr,de_kin_p8-9-vnp_mw_eu_other_brand_olv,kind,MW,olv,brand,multiple,72024,59,DE_ESS_MARS_MW_M&Ms_EUR,Compliant,PROGRAMMATIC,DV360,9,GERMANY,EUR,EU/CEABT,DACH,434373,40446,1367095,3669,62366,57549.45584,912548,0,0,Dv360
DE,DATAROMA_DE_59,DATAROMA_DE_1,DATAROMA_DE_MW_1,8/15/2024,de_kin_p8-9-vnp_mw_eu_other_brand_olv_multiple_dir-nadr_0724_113897,7/23/2024,9/7/2024,5.666666667,223163,Kind,miscellaneous,miscellaneous,DATORAMA,DE_M&Ms_mw_eur_Dv360_12,bid-nadr,de_kin_p8-9-vnp_mw_eu_other_brand_olv,kind,MW,olv,brand,multiple,72024,59,DE_ESS_MARS_MW_M&Ms_EUR,Compliant,PROGRAMMATIC,DV360,9,GERMANY,EUR,EU/CEABT,DACH,159139,26207,806648,1975,31300,28882.69198,392554,0,0,Dv360
DE,DATAROMA_DE_59,DATAROMA_DE_1,DATAROMA_DE_MW_1,8/27/2024,de_kin_p8-9-vnp_mw_eu_other_brand_olv_multiple_dir-nadr_0724_113897,7/23/2024,9/7/2024,7.142857143,133991,Kind,miscellaneous,miscellaneous,DATORAMA,DE_M&Ms_mw_eur_Dv360_12,bid-nadr,de_kin_p8-9-vnp_mw_eu_other_brand_olv,kind,MW,olv,brand,multiple,72024,59,DE_ESS_MARS_MW_M&Ms_EUR,Compliant,PROGRAMMATIC,DV360,9,GERMANY,EUR,EU/CEABT,DACH,63319,10678,389110,248,26483,24437.71028,133399,0,0,Dv360
DE,DATAROMA_DE_59,DATAROMA_DE_1,DATAROMA_DE_MW_1,8/5/2024,de_kin_p8-9-vnp_mw_eu_other_brand_olv_multiple_dir-nadr_0724_113897,7/23/2024,9/7/2024,6.384615385,374586,Kind,miscellaneous,miscellaneous,DATORAMA,DE_M&Ms_mw_eur_Dv360_12,bid-nadr,de_kin_p8-9-vnp_mw_eu_other_brand_olv,kind,MW,olv,brand,multiple,72024,59,DE_ESS_MARS_MW_M&Ms_EUR,Compliant,PROGRAMMATIC,DV360,8,GERMANY,EUR,EU/CEABT,DACH,360714,35013,1152661,2767,38847,35846.83499,544736,0,0,Dv360
DE,DATAROMA_DE_59,DATAROMA_DE_1,DATAROMA_DE_MW_1,7/30/2024,de_kin_p8-9-vnp_mw_eu_other_brand_olv_multiple_dir-nadr_0724_113897,7/23/2024,9/7/2024,8.454545455,222496,Kind,miscellaneous,miscellaneous,DATORAMA,DE_M&Ms_mw_eur_Dv360_12,bid-nadr,de_kin_p8-9-vnp_mw_eu_other_brand_olv,kind,MW,olv,brand,multiple,72024,59,DE_ESS_MARS_MW_M&Ms_EUR,Compliant,PROGRAMMATIC,DV360,8,GERMANY,EUR,EU/CEABT,DACH,229176,18272,1119444,3109,36900,34050.20237,571972,0,0,Dv360
DE,DATAROMA_DE_59,DATAROMA_DE_1,DATAROMA_DE_MW_1,8/29/2024,de_kin_p8-9-vnp_mw_eu_other_brand_olv_multiple_dir-nadr_0724_113897,7/23/2024,9/7/2024,7.555555556,121196,Kind,miscellaneous,miscellaneous,DATORAMA,DE_M&Ms_mw_eur_Dv360_12,bid-nadr,de_kin_p8-9-vnp_mw_eu_other_brand_olv,kind,MW,olv,brand,multiple,72024,59,DE_ESS_MARS_MW_M&Ms_EUR,Compliant,PROGRAMMATIC,DV360,9,GERMANY,EUR,EU/CEABT,DACH,109530,68563,728116,1617,30236,27900.865,344261,0,0,Dv360
DE,DATAROMA_DE_59,DATAROMA_DE_1,DATAROMA_DE_MW_1,7/25/2024,de_kin_p8-9-vnp_mw_eu_other_brand_olv_multiple_dir-nadr_0724_113897,7/23/2024,9/7/2024,6.5,69056,Kind,miscellaneous,miscellaneous,DATORAMA,DE_M&Ms_mw_eur_Dv360_12,bid-nadr,de_kin_p8-9-vnp_mw_eu_other_brand_olv,kind,MW,olv,brand,multiple,72024,59,DE_ESS_MARS_MW_M&Ms_EUR,Compliant,PROGRAMMATIC,DV360,8,GERMANY,EUR,EU/CEABT,DACH,36639,5339,482370,1293,49190,45391.04212,248968,0,0,Dv360
DE,DATAROMA_DE_59,DATAROMA_DE_1,DATAROMA_DE_MW_1,7/29/2024,de_kin_p8-9-vnp_mw_eu_other_brand_olv_multiple_dir-nadr_0724_113897,7/23/2024,9/7/2024,5.571428571,132711,Kind,miscellaneous,miscellaneous,DATORAMA,DE_M&Ms_mw_eur_Dv360_12,bid-nadr,de_kin_p8-9-vnp_mw_eu_other_brand_olv,kind,MW,olv,brand,multiple,72024,59,DE_ESS_MARS_MW_M&Ms_EUR,Compliant,PROGRAMMATIC,DV360,8,GERMANY,EUR,EU/CEABT,DACH,131998,12189,482570,1759,20856,19245.28511,239642,0,0,Dv360
DE,DATAROMA_DE_59,DATAROMA_DE_1,DATAROMA_DE_MW_1,8/23/2024,de_kin_p8-9-vnp_mw_eu_other_brand_olv_multiple_dir-nadr_0724_113897,7/23/2024,9/7/2024,7.263157895,293706,Kind,miscellaneous,miscellaneous,DATORAMA,DE_M&Ms_mw_eur_Dv360_12,bid-nadr,de_kin_p8-9-vnp_mw_eu_other_brand_olv,kind,MW,olv,brand,multiple,72024,59,DE_ESS_MARS_MW_M&Ms_EUR,Compliant,PROGRAMMATIC,DV360,9,GERMANY,EUR,EU/CEABT,DACH,490521,69878,1650359,4036,82417,76051.91133,875191,0,0,Dv360
DE,DATAROMA_DE_59,DATAROMA_DE_1,DATAROMA_DE_MW_1,8/4/2024,de_kin_p8-9-vnp_mw_eu_other_brand_olv_multiple_dir-nadr_0724_113897,7/23/2024,9/7/2024,7.285714286,104593,Kind,miscellaneous,miscellaneous,DATORAMA,DE_M&Ms_mw_eur_Dv360_12,bid-nadr,de_kin_p8-9-vnp_mw_eu_other_brand_olv,kind,MW,olv,brand,multiple,72024,59,DE_ESS_MARS_MW_M&Ms_EUR,Compliant,PROGRAMMATIC,DV360,8,GERMANY,EUR,EU/CEABT,DACH,125255,27750,531745,1026,22920,21149.88179,253415,0,0,Dv360
DE,DATAROMA_DE_66,DATAROMA_DE_1,DATAROMA_DE_MW_1,3/25/2024,de_kin_p3-4-vnp_mw_eu_other_brand_na_engagement_bid-adr_0324_115646,3/18/2024,5/3/2024,5.625,318819,Kind,miscellaneous,miscellaneous,DATORAMA,DE_M&Ms_mw_eur_Dv360_19,social,de_kin_p3-4-vnp_mw_eu_other_brand_na,kind,MW,na,brand,engagement,32024,66,DE_ESS_MARS_MW_M&Ms_EUR,Compliant,PROGRAMMATIC,DV360,4,GERMANY,EUR,EU/CEABT,DACH,86744,8357,798275,1005,28777,26554.544,192474,0,0,Dv360
DE,DATAROMA_DE_66,DATAROMA_DE_1,DATAROMA_DE_MW_1,4/21/2024,de_kin_p3-4-vnp_mw_eu_other_brand_na_engagement_bid-adr_0324_115646,3/18/2024,5/3/2024,6.857142857,55486,Kind,miscellaneous,miscellaneous,DATORAMA,DE_M&Ms_mw_eur_Dv360_19,social,de_kin_p3-4-vnp_mw_eu_other_brand_na,kind,MW,na,brand,engagement,32024,66,DE_ESS_MARS_MW_M&Ms_EUR,Compliant,PROGRAMMATIC,DV360,5,GERMANY,EUR,EU/CEABT,DACH,76529,3998,349128,820,30809,28429.61205,133702,0,0,Dv360
DE,DATAROMA_DE_66,DATAROMA_DE_1,DATAROMA_DE_MW_1,4/27/2024,de_kin_p3-4-vnp_mw_eu_other_brand_na_engagement_bid-adr_0324_115646,3/18/2024,5/3/2024,8.5,125973,Kind,miscellaneous,miscellaneous,DATORAMA,DE_M&Ms_mw_eur_Dv360_19,social,de_kin_p3-4-vnp_mw_eu_other_brand_na,kind,MW,na,brand,engagement,32024,66,DE_ESS_MARS_MW_M&Ms_EUR,Compliant,PROGRAMMATIC,DV360,5,GERMANY,EUR,EU/CEABT,DACH,136084,5173,818404,1717,33763,31155.47378,290559,0,0,Dv360
DE,DATAROMA_DE_66,DATAROMA_DE_1,DATAROMA_DE_MW_1,4/15/2024,de_kin_p3-4-vnp_mw_eu_other_brand_na_engagement_bid-adr_0324_115646,3/18/2024,5/3/2024,6.285714286,360919,Kind,miscellaneous,miscellaneous,DATORAMA,DE_M&Ms_mw_eur_Dv360_19,social,de_kin_p3-4-vnp_mw_eu_other_brand_na,kind,MW,na,brand,engagement,32024,66,DE_ESS_MARS_MW_M&Ms_EUR,Compliant,PROGRAMMATIC,DV360,4,GERMANY,EUR,EU/CEABT,DACH,321835,14784,1180231,4016,55840,51527.4607,610213,0,0,Dv360
DE,DATAROMA_DE_66,DATAROMA_DE_1,DATAROMA_DE_MW_1,4/20/2024,de_kin_p3-4-vnp_mw_eu_other_brand_na_engagement_bid-adr_0324_115646,3/18/2024,5/3/2024,8.285714286,114865,Kind,miscellaneous,miscellaneous,DATORAMA,DE_M&Ms_mw_eur_Dv360_19,social,de_kin_p3-4-vnp_mw_eu_other_brand_na,kind,MW,na,brand,engagement,32024,66,DE_ESS_MARS_MW_M&Ms_EUR,Compliant,PROGRAMMATIC,DV360,4,GERMANY,EUR,EU/CEABT,DACH,147392,7340,593180,936,15005,13846.15952,274244,0,0,Dv360
DE,DATAROMA_DE_66,DATAROMA_DE_1,DATAROMA_DE_MW_1,4/12/2024,de_kin_p3-4-vnp_mw_eu_other_brand_na_engagement_bid-adr_0324_115646,3/18/2024,5/3/2024,6,242173,Kind,miscellaneous,miscellaneous,DATORAMA,DE_M&Ms_mw_eur_Dv360_19,social,de_kin_p3-4-vnp_mw_eu_other_brand_na,kind,MW,na,brand,engagement,32024,66,DE_ESS_MARS_MW_M&Ms_EUR,Compliant,PROGRAMMATIC,DV360,4,GERMANY,EUR,EU/CEABT,DACH,147331,19434,689352,1804,32349,29850.6774,301044,0,0,Dv360
DE,DATAROMA_DE_66,DATAROMA_DE_1,DATAROMA_DE_MW_1,4/8/2024,de_kin_p3-4-vnp_mw_eu_other_brand_na_engagement_bid-adr_0324_115646,3/18/2024,5/3/2024,8.375,115609,Kind,miscellaneous,miscellaneous,DATORAMA,DE_M&Ms_mw_eur_Dv360_19,social,de_kin_p3-4-vnp_mw_eu_other_brand_na,kind,MW,na,brand,engagement,32024,66,DE_ESS_MARS_MW_M&Ms_EUR,Compliant,PROGRAMMATIC,DV360,4,GERMANY,EUR,EU/CEABT,DACH,105845,42886,565994,867,33805,31194.23011,285931,0,0,Dv360
DE,DATAROMA_DE_66,DATAROMA_DE_1,DATAROMA_DE_MW_1,4/9/2024,de_kin_p3-4-vnp_mw_eu_other_brand_na_engagement_bid-adr_0324_115646,3/18/2024,5/3/2024,4.545454545,458712,Kind,miscellaneous,miscellaneous,DATORAMA,DE_M&Ms_mw_eur_Dv360_19,social,de_kin_p3-4-vnp_mw_eu_other_brand_na,kind,MW,na,brand,engagement,32024,66,DE_ESS_MARS_MW_M&Ms_EUR,Compliant,PROGRAMMATIC,DV360,4,GERMANY,EUR,EU/CEABT,DACH,197296,56373,1119795,3000,38355,35392.83229,462518,0,0,Dv360
DE,DATAROMA_DE_66,DATAROMA_DE_1,DATAROMA_DE_MW_1,4/10/2024,de_kin_p3-4-vnp_mw_eu_other_brand_na_engagement_bid-adr_0324_115646,3/18/2024,5/3/2024,5.272727273,357915,Kind,miscellaneous,miscellaneous,DATORAMA,DE_M&Ms_mw_eur_Dv360_19,social,de_kin_p3-4-vnp_mw_eu_other_brand_na,kind,MW,na,brand,engagement,32024,66,DE_ESS_MARS_MW_M&Ms_EUR,Compliant,PROGRAMMATIC,DV360,4,GERMANY,EUR,EU/CEABT,DACH,288529,83216,1032259,4231,40474,37348.18131,673455,0,0,Dv360
DE,DATAROMA_DE_66,DATAROMA_DE_1,DATAROMA_DE_MW_1,4/3/2024,de_kin_p3-4-vnp_mw_eu_other_brand_na_engagement_bid-adr_0324_115646,3/18/2024,5/3/2024,6.666666667,93901,Kind,miscellaneous,miscellaneous,DATORAMA,DE_M&Ms_mw_eur_Dv360_19,social,de_kin_p3-4-vnp_mw_eu_other_brand_na,kind,MW,na,brand,engagement,32024,66,DE_ESS_MARS_MW_M&Ms_EUR,Compliant,PROGRAMMATIC,DV360,4,GERMANY,EUR,EU/CEABT,DACH,88412,7605,625216,983,30815,28435.14867,211362,0,0,Dv360
DE,DATAROMA_DE_66,DATAROMA_DE_1,DATAROMA_DE_MW_1,3/19/2024,de_kin_p3-4-vnp_mw_eu_other_brand_na_engagement_bid-adr_0324_115646,3/18/2024,5/3/2024,7.222222222,164570,Kind,miscellaneous,miscellaneous,DATORAMA,DE_M&Ms_mw_eur_Dv360_19,social,de_kin_p3-4-vnp_mw_eu_other_brand_na,kind,MW,na,brand,engagement,32024,66,DE_ESS_MARS_MW_M&Ms_EUR,Compliant,PROGRAMMATIC,DV360,3,GERMANY,EUR,EU/CEABT,DACH,123790,12487,809000,1653,37998,35063.40351,270937,0,0,Dv360
DE,DATAROMA_DE_66,DATAROMA_DE_1,DATAROMA_DE_MW_1,5/3/2024,de_kin_p3-4-vnp_mw_eu_other_brand_na_engagement_bid-adr_0324_115646,3/18/2024,5/3/2024,6.5,66287,Kind,miscellaneous,miscellaneous,DATORAMA,DE_M&Ms_mw_eur_Dv360_19,social,de_kin_p3-4-vnp_mw_eu_other_brand_na,kind,MW,na,brand,engagement,32024,66,DE_ESS_MARS_MW_M&Ms_EUR,Compliant,PROGRAMMATIC,DV360,5,GERMANY,EUR,EU/CEABT,DACH,145725,8582,386125,301,16948,15639.10108,195153,0,0,Dv360
DE,DATAROMA_DE_66,DATAROMA_DE_1,DATAROMA_DE_MW_1,4/14/2024,de_kin_p3-4-vnp_mw_eu_other_brand_na_engagement_bid-adr_0324_115646,3/18/2024,5/3/2024,7.545454545,342831,Kind,miscellaneous,miscellaneous,DATORAMA,DE_M&Ms_mw_eur_Dv360_19,social,de_kin_p3-4-vnp_mw_eu_other_brand_na,kind,MW,na,brand,engagement,32024,66,DE_ESS_MARS_MW_M&Ms_EUR,Compliant,PROGRAMMATIC,DV360,4,GERMANY,EUR,EU/CEABT,DACH,137875,22132,1363929,3982,38999,35987.09599,557394,0,0,Dv360
DE,DATAROMA_DE_66,DATAROMA_DE_1,DATAROMA_DE_MW_1,4/4/2024,de_kin_p3-4-vnp_mw_eu_other_brand_na_engagement_bid-adr_0324_115646,3/18/2024,5/3/2024,5.75,103502,Kind,miscellaneous,miscellaneous,DATORAMA,DE_M&Ms_mw_eur_Dv360_19,social,de_kin_p3-4-vnp_mw_eu_other_brand_na,kind,MW,na,brand,engagement,32024,66,DE_ESS_MARS_MW_M&Ms_EUR,Compliant,PROGRAMMATIC,DV360,4,GERMANY,EUR,EU/CEABT,DACH,30312,16192,453457,1264,22905,21136.04025,211867,0,0,Dv360
DE,DATAROMA_DE_66,DATAROMA_DE_1,DATAROMA_DE_MW_1,4/1/2024,de_kin_p3-4-vnp_mw_eu_other_brand_na_engagement_bid-adr_0324_115646,3/18/2024,5/3/2024,6.461538462,304008,Kind,miscellaneous,miscellaneous,DATORAMA,DE_M&Ms_mw_eur_Dv360_19,social,de_kin_p3-4-vnp_mw_eu_other_brand_na,kind,MW,na,brand,engagement,32024,66,DE_ESS_MARS_MW_M&Ms_EUR,Compliant,PROGRAMMATIC,DV360,4,GERMANY,EUR,EU/CEABT,DACH,441477,23272,1370230,3784,36232,33433.79219,657908,0,0,Dv360
DE,DATAROMA_DE_66,DATAROMA_DE_1,DATAROMA_DE_MW_1,4/28/2024,de_kin_p3-4-vnp_mw_eu_other_brand_na_engagement_bid-adr_0324_115646,3/18/2024,5/3/2024,9,153240,Kind,miscellaneous,miscellaneous,DATORAMA,DE_M&Ms_mw_eur_Dv360_19,social,de_kin_p3-4-vnp_mw_eu_other_brand_na,kind,MW,na,brand,engagement,32024,66,DE_ESS_MARS_MW_M&Ms_EUR,Compliant,PROGRAMMATIC,DV360,5,GERMANY,EUR,EU/CEABT,DACH,164370,26453,531808,1639,19229,17743.93879,328046,0,0,Dv360
DE,DATAROMA_DE_66,DATAROMA_DE_1,DATAROMA_DE_MW_1,4/11/2024,de_kin_p3-4-vnp_mw_eu_other_brand_na_engagement_bid-adr_0324_115646,3/18/2024,5/3/2024,5.428571429,469369,Kind,miscellaneous,miscellaneous,DATORAMA,DE_M&Ms_mw_eur_Dv360_19,social,de_kin_p3-4-vnp_mw_eu_other_brand_na,kind,MW,na,brand,engagement,32024,66,DE_ESS_MARS_MW_M&Ms_EUR,Compliant,PROGRAMMATIC,DV360,4,GERMANY,EUR,EU/CEABT,DACH,326592,63532,1378566,5503,53234,49122.72284,948401,0,0,Dv360
DE,DATAROMA_DE_66,DATAROMA_DE_1,DATAROMA_DE_MW_1,4/18/2024,de_kin_p3-4-vnp_mw_eu_other_brand_na_engagement_bid-adr_0324_115646,3/18/2024,5/3/2024,5.333333333,108961,Kind,miscellaneous,miscellaneous,DATORAMA,DE_M&Ms_mw_eur_Dv360_19,social,de_kin_p3-4-vnp_mw_eu_other_brand_na,kind,MW,na,brand,engagement,32024,66,DE_ESS_MARS_MW_M&Ms_EUR,Compliant,PROGRAMMATIC,DV360,4,GERMANY,EUR,EU/CEABT,DACH,50230,8519,462821,470,28612,26402.28699,138441,0,0,Dv360
DE,DATAROMA_DE_66,DATAROMA_DE_1,DATAROMA_DE_MW_1,4/17/2024,de_kin_p3-4-vnp_mw_eu_other_brand_na_engagement_bid-adr_0324_115646,3/18/2024,5/3/2024,6.066666667,624875,Kind,miscellaneous,miscellaneous,DATORAMA,DE_M&Ms_mw_eur_Dv360_19,social,de_kin_p3-4-vnp_mw_eu_other_brand_na,kind,MW,na,brand,engagement,32024,66,DE_ESS_MARS_MW_M&Ms_EUR,Compliant,PROGRAMMATIC,DV360,4,GERMANY,EUR,EU/CEABT,DACH,404155,63515,1226561,3382,62409,57589.13494,672244,0,0,Dv360
DE,DATAROMA_DE_66,DATAROMA_DE_1,DATAROMA_DE_MW_1,3/31/2024,de_kin_p3-4-vnp_mw_eu_other_brand_na_engagement_bid-adr_0324_115646,3/18/2024,5/3/2024,7.583333333,395795,Kind,miscellaneous,miscellaneous,DATORAMA,DE_M&Ms_mw_eur_Dv360_19,social,de_kin_p3-4-vnp_mw_eu_other_brand_na,kind,MW,na,brand,engagement,32024,66,DE_ESS_MARS_MW_M&Ms_EUR,Compliant,PROGRAMMATIC,DV360,4,GERMANY,EUR,EU/CEABT,DACH,568919,58048,1545477,4067,51807,47805.93046,833356,0,0,Dv360
DE,DATAROMA_DE_66,DATAROMA_DE_1,DATAROMA_DE_MW_1,3/29/2024,de_kin_p3-4-vnp_mw_eu_other_brand_na_engagement_bid-adr_0324_115646,3/18/2024,5/3/2024,4.4,143658,Kind,miscellaneous,miscellaneous,DATORAMA,DE_M&Ms_mw_eur_Dv360_19,social,de_kin_p3-4-vnp_mw_eu_other_brand_na,kind,MW,na,brand,engagement,32024,66,DE_ESS_MARS_MW_M&Ms_EUR,Compliant,PROGRAMMATIC,DV360,4,GERMANY,EUR,EU/CEABT,DACH,23506,2375,376768,530,26474,24429.40535,76430,0,0,Dv360
DE,DATAROMA_DE_66,DATAROMA_DE_1,DATAROMA_DE_MW_1,4/6/2024,de_kin_p3-4-vnp_mw_eu_other_brand_na_engagement_bid-adr_0324_115646,3/18/2024,5/3/2024,7,279520,Kind,miscellaneous,miscellaneous,DATORAMA,DE_M&Ms_mw_eur_Dv360_19,social,de_kin_p3-4-vnp_mw_eu_other_brand_na,kind,MW,na,brand,engagement,32024,66,DE_ESS_MARS_MW_M&Ms_EUR,Compliant,PROGRAMMATIC,DV360,4,GERMANY,EUR,EU/CEABT,DACH,235352,54729,1099225,3043,53057,48959.3926,513616,0,0,Dv360
DE,DATAROMA_DE_66,DATAROMA_DE_1,DATAROMA_DE_MW_1,4/2/2024,de_kin_p3-4-vnp_mw_eu_other_brand_na_engagement_bid-adr_0324_115646,3/18/2024,5/3/2024,4.384615385,498331,Kind,miscellaneous,miscellaneous,DATORAMA,DE_M&Ms_mw_eur_Dv360_19,social,de_kin_p3-4-vnp_mw_eu_other_brand_na,kind,MW,na,brand,engagement,32024,66,DE_ESS_MARS_MW_M&Ms_EUR,Compliant,PROGRAMMATIC,DV360,4,GERMANY,EUR,EU/CEABT,DACH,363902,39676,1285626,2983,56300,51951.93477,663343,0,0,Dv360
DE,DATAROMA_DE_66,DATAROMA_DE_1,DATAROMA_DE_MW_1,3/27/2024,de_kin_p3-4-vnp_mw_eu_other_brand_na_engagement_bid-adr_0324_115646,3/18/2024,5/3/2024,4.857142857,296263,Kind,miscellaneous,miscellaneous,DATORAMA,DE_M&Ms_mw_eur_Dv360_19,social,de_kin_p3-4-vnp_mw_eu_other_brand_na,kind,MW,na,brand,engagement,32024,66,DE_ESS_MARS_MW_M&Ms_EUR,Compliant,PROGRAMMATIC,DV360,4,GERMANY,EUR,EU/CEABT,DACH,290960,22753,814355,2028,34958,32258.18358,421246,0,0,Dv360
DE,DATAROMA_DE_66,DATAROMA_DE_1,DATAROMA_DE_MW_1,4/7/2024,de_kin_p3-4-vnp_mw_eu_other_brand_na_engagement_bid-adr_0324_115646,3/18/2024,5/3/2024,9,29760,Kind,miscellaneous,miscellaneous,DATORAMA,DE_M&Ms_mw_eur_Dv360_19,social,de_kin_p3-4-vnp_mw_eu_other_brand_na,kind,MW,na,brand,engagement,32024,66,DE_ESS_MARS_MW_M&Ms_EUR,Compliant,PROGRAMMATIC,DV360,4,GERMANY,EUR,EU/CEABT,DACH,86883,6606,286164,652,17897,16514.80953,126760,0,0,Dv360
DE,DATAROMA_DE_66,DATAROMA_DE_1,DATAROMA_DE_MW_1,4/30/2024,de_kin_p3-4-vnp_mw_eu_other_brand_na_engagement_bid-adr_0324_115646,3/18/2024,5/3/2024,6.888888889,149486,Kind,miscellaneous,miscellaneous,DATORAMA,DE_M&Ms_mw_eur_Dv360_19,social,de_kin_p3-4-vnp_mw_eu_other_brand_na,kind,MW,na,brand,engagement,32024,66,DE_ESS_MARS_MW_M&Ms_EUR,Compliant,PROGRAMMATIC,DV360,5,GERMANY,EUR,EU/CEABT,DACH,214964,26813,781285,3207,35443,32705.72689,495834,0,0,Dv360
DE,DATAROMA_DE_66,DATAROMA_DE_1,DATAROMA_DE_MW_1,4/26/2024,de_kin_p3-4-vnp_mw_eu_other_brand_na_engagement_bid-adr_0324_115646,3/18/2024,5/3/2024,7.888888889,128349,Kind,miscellaneous,miscellaneous,DATORAMA,DE_M&Ms_mw_eur_Dv360_19,social,de_kin_p3-4-vnp_mw_eu_other_brand_na,kind,MW,na,brand,engagement,32024,66,DE_ESS_MARS_MW_M&Ms_EUR,Compliant,PROGRAMMATIC,DV360,5,GERMANY,EUR,EU/CEABT,DACH,139869,9843,521376,1260,32449,29942.95438,245706,0,0,Dv360
DE,DATAROMA_DE_66,DATAROMA_DE_1,DATAROMA_DE_MW_1,5/1/2024,de_kin_p3-4-vnp_mw_eu_other_brand_na_engagement_bid-adr_0324_115646,3/18/2024,5/3/2024,5.5625,351768,Kind,miscellaneous,miscellaneous,DATORAMA,DE_M&Ms_mw_eur_Dv360_19,social,de_kin_p3-4-vnp_mw_eu_other_brand_na,kind,MW,na,brand,engagement,32024,66,DE_ESS_MARS_MW_M&Ms_EUR,Compliant,PROGRAMMATIC,DV360,5,GERMANY,EUR,EU/CEABT,DACH,391996,15135,1059992,3526,42538,39252.778,589929,0,0,Dv360
DE,DATAROMA_DE_76,DATAROMA_DE_1,DATAROMA_DE_MW_1,6/23/2024,de_kin_p7-8-vnp_mw_eu_other_brand_social_multiple_social_0624_119762,6/17/2024,8/1/2024,6.133333333,464460,Kind,miscellaneous,miscellaneous,DATORAMA,DE_Twix_mw_eur_Dv360_18,bid-nadr,de_kin_p7-8-vnp_mw_eu_other_brand_social,kind,MW,social,brand,multiple,62024,76,DE_ESS_MARS_MW_Twix_EUR,Compliant,PROGRAMMATIC,DV360,7,GERMANY,EUR,EU/CEABT,DACH,532545,29951,1777236,6837,48315,44583.61862,935367,0,0,Dv360
DE,DATAROMA_DE_76,DATAROMA_DE_1,DATAROMA_DE_MW_1,6/28/2024,de_kin_p7-8-vnp_mw_eu_other_brand_social_multiple_social_0624_119762,6/17/2024,8/1/2024,4.7,462590,Kind,miscellaneous,miscellaneous,DATORAMA,DE_Twix_mw_eur_Dv360_18,bid-nadr,de_kin_p7-8-vnp_mw_eu_other_brand_social,kind,MW,social,brand,multiple,62024,76,DE_ESS_MARS_MW_Twix_EUR,Compliant,PROGRAMMATIC,DV360,7,GERMANY,EUR,EU/CEABT,DACH,94279,18363,991184,1754,25504,23534.31873,363163,0,0,Dv360
DE,DATAROMA_DE_76,DATAROMA_DE_1,DATAROMA_DE_MW_1,7/15/2024,de_kin_p7-8-vnp_mw_eu_other_brand_social_multiple_social_0624_119762,6/17/2024,8/1/2024,5.454545455,320006,Kind,miscellaneous,miscellaneous,DATORAMA,DE_Twix_mw_eur_Dv360_18,bid-nadr,de_kin_p7-8-vnp_mw_eu_other_brand_social,kind,MW,social,brand,multiple,62024,76,DE_ESS_MARS_MW_Twix_EUR,Compliant,PROGRAMMATIC,DV360,8,GERMANY,EUR,EU/CEABT,DACH,224167,79825,1050492,3520,46971,43343.41613,509887,0,0,Dv360
DE,DATAROMA_DE_76,DATAROMA_DE_1,DATAROMA_DE_MW_1,6/27/2024,de_kin_p7-8-vnp_mw_eu_other_brand_social_multiple_social_0624_119762,6/17/2024,8/1/2024,6.142857143,175931,Kind,miscellaneous,miscellaneous,DATORAMA,DE_Twix_mw_eur_Dv360_18,bid-nadr,de_kin_p7-8-vnp_mw_eu_other_brand_social,kind,MW,social,brand,multiple,62024,76,DE_ESS_MARS_MW_Twix_EUR,Compliant,PROGRAMMATIC,DV360,7,GERMANY,EUR,EU/CEABT,DACH,115625,23657,618668,2003,29174,26920.88357,297352,0,0,Dv360
DE,DATAROMA_DE_76,DATAROMA_DE_1,DATAROMA_DE_MW_1,7/3/2024,de_kin_p7-8-vnp_mw_eu_other_brand_social_multiple_social_0624_119762,6/17/2024,8/1/2024,7.538461538,247123,Kind,miscellaneous,miscellaneous,DATORAMA,DE_Twix_mw_eur_Dv360_18,bid-nadr,de_kin_p7-8-vnp_mw_eu_other_brand_social,kind,MW,social,brand,multiple,62024,76,DE_ESS_MARS_MW_Twix_EUR,Compliant,PROGRAMMATIC,DV360,7,GERMANY,EUR,EU/CEABT,DACH,349422,45964,1109530,2167,46739,43129.33356,634502,0,0,Dv360
DE,DATAROMA_DE_76,DATAROMA_DE_1,DATAROMA_DE_MW_1,7/22/2024,de_kin_p7-8-vnp_mw_eu_other_brand_social_multiple_social_0624_119762,6/17/2024,8/1/2024,6.083333333,397300,Kind,miscellaneous,miscellaneous,DATORAMA,DE_Twix_mw_eur_Dv360_18,bid-nadr,de_kin_p7-8-vnp_mw_eu_other_brand_social,kind,MW,social,brand,multiple,62024,76,DE_ESS_MARS_MW_Twix_EUR,Compliant,PROGRAMMATIC,DV360,8,GERMANY,EUR,EU/CEABT,DACH,282941,80672,1354829,4648,33955,31332.64556,630091,0,0,Dv360
DE,DATAROMA_DE_76,DATAROMA_DE_1,DATAROMA_DE_MW_1,7/30/2024,de_kin_p7-8-vnp_mw_eu_other_brand_social_multiple_social_0624_119762,6/17/2024,8/1/2024,9.142857143,75011,Kind,miscellaneous,miscellaneous,DATORAMA,DE_Twix_mw_eur_Dv360_18,bid-nadr,de_kin_p7-8-vnp_mw_eu_other_brand_social,kind,MW,social,brand,multiple,62024,76,DE_ESS_MARS_MW_Twix_EUR,Compliant,PROGRAMMATIC,DV360,8,GERMANY,EUR,EU/CEABT,DACH,203350,18358,608892,971,25226,23277.78875,328632,0,0,Dv360
DE,DATAROMA_DE_76,DATAROMA_DE_1,DATAROMA_DE_MW_1,7/14/2024,de_kin_p7-8-vnp_mw_eu_other_brand_social_multiple_social_0624_119762,6/17/2024,8/1/2024,5.928571429,344274,Kind,miscellaneous,miscellaneous,DATORAMA,DE_Twix_mw_eur_Dv360_18,bid-nadr,de_kin_p7-8-vnp_mw_eu_other_brand_social,kind,MW,social,brand,multiple,62024,76,DE_ESS_MARS_MW_Twix_EUR,Compliant,PROGRAMMATIC,DV360,8,GERMANY,EUR,EU/CEABT,DACH,273643,39766,1272633,2351,47282,43630.39751,542543,0,0,Dv360
DE,DATAROMA_DE_76,DATAROMA_DE_1,DATAROMA_DE_MW_1,6/29/2024,de_kin_p7-8-vnp_mw_eu_other_brand_social_multiple_social_0624_119762,6/17/2024,8/1/2024,5,168119,Kind,miscellaneous,miscellaneous,DATORAMA,DE_Twix_mw_eur_Dv360_18,bid-nadr,de_kin_p7-8-vnp_mw_eu_other_brand_social,kind,MW,social,brand,multiple,62024,76,DE_ESS_MARS_MW_Twix_EUR,Compliant,PROGRAMMATIC,DV360,7,GERMANY,EUR,EU/CEABT,DACH,200168,5086,613487,1801,42827,39519.45844,346787,0,0,Dv360
DE,DATAROMA_DE_76,DATAROMA_DE_1,DATAROMA_DE_MW_1,6/17/2024,de_kin_p7-8-vnp_mw_eu_other_brand_social_multiple_social_0624_119762,6/17/2024,8/1/2024,7.714285714,225471,Kind,miscellaneous,miscellaneous,DATORAMA,DE_Twix_mw_eur_Dv360_18,bid-nadr,de_kin_p7-8-vnp_mw_eu_other_brand_social,kind,MW,social,brand,multiple,62024,76,DE_ESS_MARS_MW_Twix_EUR,Compliant,PROGRAMMATIC,DV360,7,GERMANY,EUR,EU/CEABT,DACH,239035,22797,659031,1961,20623,19030.27976,409093,902570.1815,832864.4262,Dv360
DE,DATAROMA_DE_76,DATAROMA_DE_1,DATAROMA_DE_MW_1,7/20/2024,de_kin_p7-8-vnp_mw_eu_other_brand_social_multiple_social_0624_119762,6/17/2024,8/1/2024,5.857142857,133735,Kind,miscellaneous,miscellaneous,DATORAMA,DE_Twix_mw_eur_Dv360_18,bid-nadr,de_kin_p7-8-vnp_mw_eu_other_brand_social,kind,MW,social,brand,multiple,62024,76,DE_ESS_MARS_MW_Twix_EUR,Compliant,PROGRAMMATIC,DV360,8,GERMANY,EUR,EU/CEABT,DACH,190383,7916,564758,1263,29277,27015.92885,300374,0,0,Dv360
DE,DATAROMA_DE_76,DATAROMA_DE_1,DATAROMA_DE_MW_1,7/31/2024,de_kin_p7-8-vnp_mw_eu_other_brand_social_multiple_social_0624_119762,6/17/2024,8/1/2024,5.8,197907,Kind,miscellaneous,miscellaneous,DATORAMA,DE_Twix_mw_eur_Dv360_18,bid-nadr,de_kin_p7-8-vnp_mw_eu_other_brand_social,kind,MW,social,brand,multiple,62024,76,DE_ESS_MARS_MW_Twix_EUR,Compliant,PROGRAMMATIC,DV360,8,GERMANY,EUR,EU/CEABT,DACH,176820,41980,1060353,3420,45769,42234.24694,462143,0,0,Dv360
DE,DATAROMA_DE_76,DATAROMA_DE_1,DATAROMA_DE_MW_1,7/13/2024,de_kin_p7-8-vnp_mw_eu_other_brand_social_multiple_social_0624_119762,6/17/2024,8/1/2024,7.8,156025,Kind,miscellaneous,miscellaneous,DATORAMA,DE_Twix_mw_eur_Dv360_18,bid-nadr,de_kin_p7-8-vnp_mw_eu_other_brand_social,kind,MW,social,brand,multiple,62024,76,DE_ESS_MARS_MW_Twix_EUR,Compliant,PROGRAMMATIC,DV360,7,GERMANY,EUR,EU/CEABT,DACH,274392,64004,959630,2703,30297,27957.15396,541476,0,0,Dv360
DE,DATAROMA_DE_76,DATAROMA_DE_1,DATAROMA_DE_MW_1,6/21/2024,de_kin_p7-8-vnp_mw_eu_other_brand_social_multiple_social_0624_119762,6/17/2024,8/1/2024,5.666666667,155280,Kind,miscellaneous,miscellaneous,DATORAMA,DE_Twix_mw_eur_Dv360_18,bid-nadr,de_kin_p7-8-vnp_mw_eu_other_brand_social,kind,MW,social,brand,multiple,62024,76,DE_ESS_MARS_MW_Twix_EUR,Compliant,PROGRAMMATIC,DV360,7,GERMANY,EUR,EU/CEABT,DACH,221874,17329,661480,2696,23318,21517.14414,389710,0,0,Dv360
DE,DATAROMA_DE_76,DATAROMA_DE_1,DATAROMA_DE_MW_1,7/11/2024,de_kin_p7-8-vnp_mw_eu_other_brand_social_multiple_social_0624_119762,6/17/2024,8/1/2024,6.75,210602,Kind,miscellaneous,miscellaneous,DATORAMA,DE_Twix_mw_eur_Dv360_18,bid-nadr,de_kin_p7-8-vnp_mw_eu_other_brand_social,kind,MW,social,brand,multiple,62024,76,DE_ESS_MARS_MW_Twix_EUR,Compliant,PROGRAMMATIC,DV360,7,GERMANY,EUR,EU/CEABT,DACH,157087,24989,720780,877,47357,43699.60524,275011,0,0,Dv360
DE,DATAROMA_DE_76,DATAROMA_DE_1,DATAROMA_DE_MW_1,7/4/2024,de_kin_p7-8-vnp_mw_eu_other_brand_social_multiple_social_0624_119762,6/17/2024,8/1/2024,6.222222222,222517,Kind,miscellaneous,miscellaneous,DATORAMA,DE_Twix_mw_eur_Dv360_18,bid-nadr,de_kin_p7-8-vnp_mw_eu_other_brand_social,kind,MW,social,brand,multiple,62024,76,DE_ESS_MARS_MW_Twix_EUR,Compliant,PROGRAMMATIC,DV360,7,GERMANY,EUR,EU/CEABT,DACH,298356,19970,887388,1699,31303,28885.46029,487081,0,0,Dv360
DE,DATAROMA_DE_76,DATAROMA_DE_1,DATAROMA_DE_MW_1,7/21/2024,de_kin_p7-8-vnp_mw_eu_other_brand_social_multiple_social_0624_119762,6/17/2024,8/1/2024,7,262869,Kind,miscellaneous,miscellaneous,DATORAMA,DE_Twix_mw_eur_Dv360_18,bid-nadr,de_kin_p7-8-vnp_mw_eu_other_brand_social,kind,MW,social,brand,multiple,62024,76,DE_ESS_MARS_MW_Twix_EUR,Compliant,PROGRAMMATIC,DV360,8,GERMANY,EUR,EU/CEABT,DACH,249268,36986,952357,2921,30660,28292.11936,493945,0,0,Dv360
DE,DATAROMA_DE_76,DATAROMA_DE_1,DATAROMA_DE_MW_1,7/26/2024,de_kin_p7-8-vnp_mw_eu_other_brand_social_multiple_social_0624_119762,6/17/2024,8/1/2024,6,412621,Kind,miscellaneous,miscellaneous,DATORAMA,DE_Twix_mw_eur_Dv360_18,bid-nadr,de_kin_p7-8-vnp_mw_eu_other_brand_social,kind,MW,social,brand,multiple,62024,76,DE_ESS_MARS_MW_Twix_EUR,Compliant,PROGRAMMATIC,DV360,8,GERMANY,EUR,EU/CEABT,DACH,382938,40230,1264793,3083,59309,54728.54883,730323,0,0,Dv360
DE,DATAROMA_DE_76,DATAROMA_DE_1,DATAROMA_DE_MW_1,7/29/2024,de_kin_p7-8-vnp_mw_eu_other_brand_social_multiple_social_0624_119762,6/17/2024,8/1/2024,5.6,291191,Kind,miscellaneous,miscellaneous,DATORAMA,DE_Twix_mw_eur_Dv360_18,bid-nadr,de_kin_p7-8-vnp_mw_eu_other_brand_social,kind,MW,social,brand,multiple,62024,76,DE_ESS_MARS_MW_Twix_EUR,Compliant,PROGRAMMATIC,DV360,8,GERMANY,EUR,EU/CEABT,DACH,128382,16788,855582,2359,37098,34232.91077,352218,0,0,Dv360
DE,DATAROMA_DE_76,DATAROMA_DE_1,DATAROMA_DE_MW_1,6/25/2024,de_kin_p7-8-vnp_mw_eu_other_brand_social_multiple_social_0624_119762,6/17/2024,8/1/2024,7.333333333,84438,Kind,miscellaneous,miscellaneous,DATORAMA,DE_Twix_mw_eur_Dv360_18,bid-nadr,de_kin_p7-8-vnp_mw_eu_other_brand_social,kind,MW,social,brand,multiple,62024,76,DE_ESS_MARS_MW_Twix_EUR,Compliant,PROGRAMMATIC,DV360,7,GERMANY,EUR,EU/CEABT,DACH,133815,3168,596520,1564,33049,30496.6162,252098,0,0,Dv360
DE,DATAROMA_DE_76,DATAROMA_DE_1,DATAROMA_DE_MW_1,7/28/2024,de_kin_p7-8-vnp_mw_eu_other_brand_social_multiple_social_0624_119762,6/17/2024,8/1/2024,7.2,256130,Kind,miscellaneous,miscellaneous,DATORAMA,DE_Twix_mw_eur_Dv360_18,bid-nadr,de_kin_p7-8-vnp_mw_eu_other_brand_social,kind,MW,social,brand,multiple,62024,76,DE_ESS_MARS_MW_Twix_EUR,Compliant,PROGRAMMATIC,DV360,8,GERMANY,EUR,EU/CEABT,DACH,460296,17092,1238567,4705,58085,53599.07871,811660,0,0,Dv360
DE,DATAROMA_DE_76,DATAROMA_DE_1,DATAROMA_DE_MW_1,7/6/2024,de_kin_p7-8-vnp_mw_eu_other_brand_social_multiple_social_0624_119762,6/17/2024,8/1/2024,4.083333333,507576,Kind,miscellaneous,miscellaneous,DATORAMA,DE_Twix_mw_eur_Dv360_18,bid-nadr,de_kin_p7-8-vnp_mw_eu_other_brand_social,kind,MW,social,brand,multiple,62024,76,DE_ESS_MARS_MW_Twix_EUR,Compliant,PROGRAMMATIC,DV360,7,GERMANY,EUR,EU/CEABT,DACH,384454,43725,1074518,3093,52109,48084.60691,556892,0,0,Dv360
DE,DATAROMA_DE_76,DATAROMA_DE_1,DATAROMA_DE_MW_1,7/7/2024,de_kin_p7-8-vnp_mw_eu_other_brand_social_multiple_social_0624_119762,6/17/2024,8/1/2024,5.636363636,574940,Kind,miscellaneous,miscellaneous,DATORAMA,DE_Twix_mw_eur_Dv360_18,bid-nadr,de_kin_p7-8-vnp_mw_eu_other_brand_social,kind,MW,social,brand,multiple,62024,76,DE_ESS_MARS_MW_Twix_EUR,Compliant,PROGRAMMATIC,DV360,7,GERMANY,EUR,EU/CEABT,DACH,318546,17664,1093614,2960,37967,35034.79765,612229,0,0,Dv360
DE,DATAROMA_DE_76,DATAROMA_DE_1,DATAROMA_DE_MW_1,7/9/2024,de_kin_p7-8-vnp_mw_eu_other_brand_social_multiple_social_0624_119762,6/17/2024,8/1/2024,6.5,223663,Kind,miscellaneous,miscellaneous,DATORAMA,DE_Twix_mw_eur_Dv360_18,bid-nadr,de_kin_p7-8-vnp_mw_eu_other_brand_social,kind,MW,social,brand,multiple,62024,76,DE_ESS_MARS_MW_Twix_EUR,Compliant,PROGRAMMATIC,DV360,7,GERMANY,EUR,EU/CEABT,DACH,348859,12130,1012049,2709,51079,47134.15411,589831,0,0,Dv360
DE,DATAROMA_DE_76,DATAROMA_DE_1,DATAROMA_DE_MW_1,7/18/2024,de_kin_p7-8-vnp_mw_eu_other_brand_social_multiple_social_0624_119762,6/17/2024,8/1/2024,7,129928,Kind,miscellaneous,miscellaneous,DATORAMA,DE_Twix_mw_eur_Dv360_18,bid-nadr,de_kin_p7-8-vnp_mw_eu_other_brand_social,kind,MW,social,brand,multiple,62024,76,DE_ESS_MARS_MW_Twix_EUR,Compliant,PROGRAMMATIC,DV360,8,GERMANY,EUR,EU/CEABT,DACH,218284,66618,731986,2809,43354,40005.75808,493971,0,0,Dv360
DE,DATAROMA_DE_76,DATAROMA_DE_1,DATAROMA_DE_MW_1,7/12/2024,de_kin_p7-8-vnp_mw_eu_other_brand_social_multiple_social_0624_119762,6/17/2024,8/1/2024,5.272727273,442799,Kind,miscellaneous,miscellaneous,DATORAMA,DE_Twix_mw_eur_Dv360_18,bid-nadr,de_kin_p7-8-vnp_mw_eu_other_brand_social,kind,MW,social,brand,multiple,62024,76,DE_ESS_MARS_MW_Twix_EUR,Compliant,PROGRAMMATIC,DV360,7,GERMANY,EUR,EU/CEABT,DACH,432675,27547,1047993,2692,46386,42803.59585,657203,0,0,Dv360
DE,DATAROMA_DE_76,DATAROMA_DE_1,DATAROMA_DE_MW_1,7/17/2024,de_kin_p7-8-vnp_mw_eu_other_brand_social_multiple_social_0624_119762,6/17/2024,8/1/2024,6.727272727,233793,Kind,miscellaneous,miscellaneous,DATORAMA,DE_Twix_mw_eur_Dv360_18,bid-nadr,de_kin_p7-8-vnp_mw_eu_other_brand_social,kind,MW,social,brand,multiple,62024,76,DE_ESS_MARS_MW_Twix_EUR,Compliant,PROGRAMMATIC,DV360,8,GERMANY,EUR,EU/CEABT,DACH,294400,45058,931820,2681,43392,40040.82333,547660,0,0,Dv360
DE,DATAROMA_DE_76,DATAROMA_DE_1,DATAROMA_DE_MW_1,6/19/2024,de_kin_p7-8-vnp_mw_eu_other_brand_social_multiple_social_0624_119762,6/17/2024,8/1/2024,6,310008,Kind,miscellaneous,miscellaneous,DATORAMA,DE_Twix_mw_eur_Dv360_18,bid-nadr,de_kin_p7-8-vnp_mw_eu_other_brand_social,kind,MW,social,brand,multiple,62024,76,DE_ESS_MARS_MW_Twix_EUR,Compliant,PROGRAMMATIC,DV360,7,GERMANY,EUR,EU/CEABT,DACH,272370,58631,1078992,2133,44497,41060.48386,473830,0,0,Dv360
DE,DATAROMA_DE_76,DATAROMA_DE_1,DATAROMA_DE_MW_1,6/22/2024,de_kin_p7-8-vnp_mw_eu_other_brand_social_multiple_social_0624_119762,6/17/2024,8/1/2024,7.571428571,115615,Kind,miscellaneous,miscellaneous,DATORAMA,DE_Twix_mw_eur_Dv360_18,bid-nadr,de_kin_p7-8-vnp_mw_eu_other_brand_social,kind,MW,social,brand,multiple,62024,76,DE_ESS_MARS_MW_Twix_EUR,Compliant,PROGRAMMATIC,DV360,7,GERMANY,EUR,EU/CEABT,DACH,298923,9950,748128,3134,33976,31352.02373,457447,0,0,Dv360
DE,DATAROMA_DE_76,DATAROMA_DE_1,DATAROMA_DE_MW_1,7/5/2024,de_kin_p7-8-vnp_mw_eu_other_brand_social_multiple_social_0624_119762,6/17/2024,8/1/2024,7.875,133965,Kind,miscellaneous,miscellaneous,DATORAMA,DE_Twix_mw_eur_Dv360_18,bid-nadr,de_kin_p7-8-vnp_mw_eu_other_brand_social,kind,MW,social,brand,multiple,62024,76,DE_ESS_MARS_MW_Twix_EUR,Compliant,PROGRAMMATIC,DV360,7,GERMANY,EUR,EU/CEABT,DACH,116054,18096,792120,1743,34827,32137.30075,344038,0,0,Dv360
DE,DATAROMA_DE_76,DATAROMA_DE_1,DATAROMA_DE_MW_1,6/30/2024,de_kin_p7-8-vnp_mw_eu_other_brand_social_multiple_social_0624_119762,6/17/2024,8/1/2024,7.166666667,332825,Kind,miscellaneous,miscellaneous,DATORAMA,DE_Twix_mw_eur_Dv360_18,bid-nadr,de_kin_p7-8-vnp_mw_eu_other_brand_social,kind,MW,social,brand,multiple,62024,76,DE_ESS_MARS_MW_Twix_EUR,Compliant,PROGRAMMATIC,DV360,7,GERMANY,EUR,EU/CEABT,DACH,214568,38718,939824,2489,48502,44756.17656,480850,0,0,Dv360
DE,DATAROMA_DE_76,DATAROMA_DE_1,DATAROMA_DE_MW_1,7/24/2024,de_kin_p7-8-vnp_mw_eu_other_brand_social_multiple_social_0624_119762,6/17/2024,8/1/2024,10,64998,Kind,miscellaneous,miscellaneous,DATORAMA,DE_Twix_mw_eur_Dv360_18,bid-nadr,de_kin_p7-8-vnp_mw_eu_other_brand_social,kind,MW,social,brand,multiple,62024,76,DE_ESS_MARS_MW_Twix_EUR,Compliant,PROGRAMMATIC,DV360,8,GERMANY,EUR,EU/CEABT,DACH,129706,29941,627230,1441,24188,22319.95379,280629,0,0,Dv360
DE,DATAROMA_DE_76,DATAROMA_DE_1,DATAROMA_DE_MW_1,7/1/2024,de_kin_p7-8-vnp_mw_eu_other_brand_social_multiple_social_0624_119762,6/17/2024,8/1/2024,4.9,239414,Kind,miscellaneous,miscellaneous,DATORAMA,DE_Twix_mw_eur_Dv360_18,bid-nadr,de_kin_p7-8-vnp_mw_eu_other_brand_social,kind,MW,social,brand,multiple,62024,76,DE_ESS_MARS_MW_Twix_EUR,Compliant,PROGRAMMATIC,DV360,7,GERMANY,EUR,EU/CEABT,DACH,179234,18543,780812,1957,41479,38275.56487,452619,0,0,Dv360
DE,DATAROMA_DE_76,DATAROMA_DE_1,DATAROMA_DE_MW_1,7/25/2024,de_kin_p7-8-vnp_mw_eu_other_brand_social_multiple_social_0624_119762,6/17/2024,8/1/2024,4.857142857,165149,Kind,miscellaneous,miscellaneous,DATORAMA,DE_Twix_mw_eur_Dv360_18,bid-nadr,de_kin_p7-8-vnp_mw_eu_other_brand_social,kind,MW,social,brand,multiple,62024,76,DE_ESS_MARS_MW_Twix_EUR,Compliant,PROGRAMMATIC,DV360,8,GERMANY,EUR,EU/CEABT,DACH,146920,23677,579075,1918,13397,12362.34583,364071,0,0,Dv360
DE,DATAROMA_DE_90,DATAROMA_DE_1,DATAROMA_DE_MW_1,3/12/2024,de_kin_p3-4-vnp_mw_eu_other_brand_social_awareness_bid-dda_0324_118458,3/5/2024,4/8/2024,5.333333333,490300,Kind,miscellaneous,miscellaneous,DATORAMA,DE_Extra_mw_eur_Dv360_10,na,de_kin_p3-4-vnp_mw_eu_other_brand_social,kind,MW,social,brand,awareness,32024,90,DE_ESS_MARS_MW_Extra_EUR,Compliant,PROGRAMMATIC,DV360,3,GERMANY,EUR,EU/CEABT,DACH,276489,12882,1297816,4101,34053,31423.07699,668214,0,0,Dv360
DE,DATAROMA_DE_90,DATAROMA_DE_1,DATAROMA_DE_MW_1,3/26/2024,de_kin_p3-4-vnp_mw_eu_other_brand_social_awareness_bid-dda_0324_118458,3/5/2024,4/8/2024,7.166666667,111892,Kind,miscellaneous,miscellaneous,DATORAMA,DE_Extra_mw_eur_Dv360_10,na,de_kin_p3-4-vnp_mw_eu_other_brand_social,kind,MW,social,brand,awareness,32024,90,DE_ESS_MARS_MW_Extra_EUR,Compliant,PROGRAMMATIC,DV360,4,GERMANY,EUR,EU/CEABT,DACH,47312,24376,729167,1587,46535,42941.08854,214557,0,0,Dv360
DE,DATAROMA_DE_90,DATAROMA_DE_1,DATAROMA_DE_MW_1,3/18/2024,de_kin_p3-4-vnp_mw_eu_other_brand_social_awareness_bid-dda_0324_118458,3/5/2024,4/8/2024,5.8,518719,Kind,miscellaneous,miscellaneous,DATORAMA,DE_Extra_mw_eur_Dv360_10,na,de_kin_p3-4-vnp_mw_eu_other_brand_social,kind,MW,social,brand,awareness,32024,90,DE_ESS_MARS_MW_Extra_EUR,Compliant,PROGRAMMATIC,DV360,3,GERMANY,EUR,EU/CEABT,DACH,430433,25454,1755849,4739,85583,78973.40024,915090,0,0,Dv360
DE,DATAROMA_DE_90,DATAROMA_DE_1,DATAROMA_DE_MW_1,3/13/2024,de_kin_p3-4-vnp_mw_eu_other_brand_social_awareness_bid-dda_0324_118458,3/5/2024,4/8/2024,8.615384615,110382,Kind,miscellaneous,miscellaneous,DATORAMA,DE_Extra_mw_eur_Dv360_10,na,de_kin_p3-4-vnp_mw_eu_other_brand_social,kind,MW,social,brand,awareness,32024,90,DE_ESS_MARS_MW_Extra_EUR,Compliant,PROGRAMMATIC,DV360,3,GERMANY,EUR,EU/CEABT,DACH,195407,19453,913517,2330,56063,51733.23835,331907,0,0,Dv360
DE,DATAROMA_DE_90,DATAROMA_DE_1,DATAROMA_DE_MW_1,4/7/2024,de_kin_p3-4-vnp_mw_eu_other_brand_social_awareness_bid-dda_0324_118458,3/5/2024,4/8/2024,7.214285714,254754,Kind,miscellaneous,miscellaneous,DATORAMA,DE_Extra_mw_eur_Dv360_10,na,de_kin_p3-4-vnp_mw_eu_other_brand_social,kind,MW,social,brand,awareness,32024,90,DE_ESS_MARS_MW_Extra_EUR,Compliant,PROGRAMMATIC,DV360,4,GERMANY,EUR,EU/CEABT,DACH,382621,18642,1450107,3007,60438,55770.35584,654844,0,0,Dv360
DE,DATAROMA_DE_90,DATAROMA_DE_1,DATAROMA_DE_MW_1,4/2/2024,de_kin_p3-4-vnp_mw_eu_other_brand_social_awareness_bid-dda_0324_118458,3/5/2024,4/8/2024,6.571428571,376814,Kind,miscellaneous,miscellaneous,DATORAMA,DE_Extra_mw_eur_Dv360_10,na,de_kin_p3-4-vnp_mw_eu_other_brand_social,kind,MW,social,brand,awareness,32024,90,DE_ESS_MARS_MW_Extra_EUR,Compliant,PROGRAMMATIC,DV360,4,GERMANY,EUR,EU/CEABT,DACH,295793,52692,1185685,3694,49946,46088.65602,600558,0,0,Dv360
DE,DATAROMA_DE_90,DATAROMA_DE_1,DATAROMA_DE_MW_1,3/31/2024,de_kin_p3-4-vnp_mw_eu_other_brand_social_awareness_bid-dda_0324_118458,3/5/2024,4/8/2024,7.153846154,280525,Kind,miscellaneous,miscellaneous,DATORAMA,DE_Extra_mw_eur_Dv360_10,na,de_kin_p3-4-vnp_mw_eu_other_brand_social,kind,MW,social,brand,awareness,32024,90,DE_ESS_MARS_MW_Extra_EUR,Compliant,PROGRAMMATIC,DV360,4,GERMANY,EUR,EU/CEABT,DACH,175545,57172,1175643,2300,56942,52544.35293,427146,0,0,Dv360
DE,DATAROMA_DE_90,DATAROMA_DE_1,DATAROMA_DE_MW_1,3/22/2024,de_kin_p3-4-vnp_mw_eu_other_brand_social_awareness_bid-dda_0324_118458,3/5/2024,4/8/2024,7.086956522,344525,Kind,miscellaneous,miscellaneous,DATORAMA,DE_Extra_mw_eur_Dv360_10,na,de_kin_p3-4-vnp_mw_eu_other_brand_social,kind,MW,social,brand,awareness,32024,90,DE_ESS_MARS_MW_Extra_EUR,Compliant,PROGRAMMATIC,DV360,3,GERMANY,EUR,EU/CEABT,DACH,346661,66030,1588898,2593,79398,73266.06957,639986,0,0,Dv360
DE,DATAROMA_DE_90,DATAROMA_DE_1,DATAROMA_DE_MW_1,3/16/2024,de_kin_p3-4-vnp_mw_eu_other_brand_social_awareness_bid-dda_0324_118458,3/5/2024,4/8/2024,7.4,121057,Kind,miscellaneous,miscellaneous,DATORAMA,DE_Extra_mw_eur_Dv360_10,na,de_kin_p3-4-vnp_mw_eu_other_brand_social,kind,MW,social,brand,awareness,32024,90,DE_ESS_MARS_MW_Extra_EUR,Compliant,PROGRAMMATIC,DV360,3,GERMANY,EUR,EU/CEABT,DACH,135097,11852,788639,1725,41506,38300.47965,395144,0,0,Dv360
DE,DATAROMA_DE_90,DATAROMA_DE_1,DATAROMA_DE_MW_1,3/29/2024,de_kin_p3-4-vnp_mw_eu_other_brand_social_awareness_bid-dda_0324_118458,3/5/2024,4/8/2024,4.727272727,184201,Kind,miscellaneous,miscellaneous,DATORAMA,DE_Extra_mw_eur_Dv360_10,na,de_kin_p3-4-vnp_mw_eu_other_brand_social,kind,MW,social,brand,awareness,32024,90,DE_ESS_MARS_MW_Extra_EUR,Compliant,PROGRAMMATIC,DV360,4,GERMANY,EUR,EU/CEABT,DACH,170218,7620,873579,2183,50626,46716.13943,466781,0,0,Dv360
DE,DATAROMA_DE_90,DATAROMA_DE_1,DATAROMA_DE_MW_1,4/1/2024,de_kin_p3-4-vnp_mw_eu_other_brand_social_awareness_bid-dda_0324_118458,3/5/2024,4/8/2024,6.166666667,203340,Kind,miscellaneous,miscellaneous,DATORAMA,DE_Extra_mw_eur_Dv360_10,na,de_kin_p3-4-vnp_mw_eu_other_brand_social,kind,MW,social,brand,awareness,32024,90,DE_ESS_MARS_MW_Extra_EUR,Compliant,PROGRAMMATIC,DV360,4,GERMANY,EUR,EU/CEABT,DACH,180894,12265,636845,1481,15177,14004.87591,332761,0,0,Dv360
DE,DATAROMA_DE_90,DATAROMA_DE_1,DATAROMA_DE_MW_1,3/30/2024,de_kin_p3-4-vnp_mw_eu_other_brand_social_awareness_bid-dda_0324_118458,3/5/2024,4/8/2024,6.058823529,504284,Kind,miscellaneous,miscellaneous,DATORAMA,DE_Extra_mw_eur_Dv360_10,na,de_kin_p3-4-vnp_mw_eu_other_brand_social,kind,MW,social,brand,awareness,32024,90,DE_ESS_MARS_MW_Extra_EUR,Compliant,PROGRAMMATIC,DV360,4,GERMANY,EUR,EU/CEABT,DACH,514655,23438,1907042,3825,55046,50794.78155,1024678,0,0,Dv360
DE,DATAROMA_DE_90,DATAROMA_DE_1,DATAROMA_DE_MW_1,3/24/2024,de_kin_p3-4-vnp_mw_eu_other_brand_social_awareness_bid-dda_0324_118458,3/5/2024,4/8/2024,9,91680,Kind,miscellaneous,miscellaneous,DATORAMA,DE_Extra_mw_eur_Dv360_10,na,de_kin_p3-4-vnp_mw_eu_other_brand_social,kind,MW,social,brand,awareness,32024,90,DE_ESS_MARS_MW_Extra_EUR,Compliant,PROGRAMMATIC,DV360,4,GERMANY,EUR,EU/CEABT,DACH,168510,31335,575632,2497,38979,35968.64059,312172,0,0,Dv360
DE,DATAROMA_DE_90,DATAROMA_DE_1,DATAROMA_DE_MW_1,3/6/2024,de_kin_p3-4-vnp_mw_eu_other_brand_social_awareness_bid-dda_0324_118458,3/5/2024,4/8/2024,8.2,103400,Kind,miscellaneous,miscellaneous,DATORAMA,DE_Extra_mw_eur_Dv360_10,na,de_kin_p3-4-vnp_mw_eu_other_brand_social,kind,MW,social,brand,awareness,32024,90,DE_ESS_MARS_MW_Extra_EUR,Compliant,PROGRAMMATIC,DV360,3,GERMANY,EUR,EU/CEABT,DACH,244494,17767,827095,2449,57153,52739.05734,425272,0,0,Dv360
DE,DATAROMA_DE_90,DATAROMA_DE_1,DATAROMA_DE_MW_1,4/8/2024,de_kin_p3-4-vnp_mw_eu_other_brand_social_awareness_bid-dda_0324_118458,3/5/2024,4/8/2024,6.136363636,422211,Kind,miscellaneous,miscellaneous,DATORAMA,DE_Extra_mw_eur_Dv360_10,na,de_kin_p3-4-vnp_mw_eu_other_brand_social,kind,MW,social,brand,awareness,32024,90,DE_ESS_MARS_MW_Extra_EUR,Compliant,PROGRAMMATIC,DV360,4,GERMANY,EUR,EU/CEABT,DACH,551207,60137,1960588,4706,110315,101795.3408,932898,0,0,Dv360
DE,DATAROMA_DE_90,DATAROMA_DE_1,DATAROMA_DE_MW_1,4/5/2024,de_kin_p3-4-vnp_mw_eu_other_brand_social_awareness_bid-dda_0324_118458,3/5/2024,4/8/2024,4.166666667,242544,Kind,miscellaneous,miscellaneous,DATORAMA,DE_Extra_mw_eur_Dv360_10,na,de_kin_p3-4-vnp_mw_eu_other_brand_social,kind,MW,social,brand,awareness,32024,90,DE_ESS_MARS_MW_Extra_EUR,Compliant,PROGRAMMATIC,DV360,4,GERMANY,EUR,EU/CEABT,DACH,72302,34477,517713,1380,23612,21788.43843,263518,0,0,Dv360
DE,DATAROMA_DE_90,DATAROMA_DE_1,DATAROMA_DE_MW_1,3/11/2024,de_kin_p3-4-vnp_mw_eu_other_brand_social_awareness_bid-dda_0324_118458,3/5/2024,4/8/2024,7.9,152214,Kind,miscellaneous,miscellaneous,DATORAMA,DE_Extra_mw_eur_Dv360_10,na,de_kin_p3-4-vnp_mw_eu_other_brand_social,kind,MW,social,brand,awareness,32024,90,DE_ESS_MARS_MW_Extra_EUR,Compliant,PROGRAMMATIC,DV360,3,GERMANY,EUR,EU/CEABT,DACH,298184,21422,951964,2393,40797,37646.23593,436912,0,0,Dv360
DE,DATAROMA_DE_90,DATAROMA_DE_1,DATAROMA_DE_MW_1,4/3/2024,de_kin_p3-4-vnp_mw_eu_other_brand_social_awareness_bid-dda_0324_118458,3/5/2024,4/8/2024,6.416666667,347004,Kind,miscellaneous,miscellaneous,DATORAMA,DE_Extra_mw_eur_Dv360_10,na,de_kin_p3-4-vnp_mw_eu_other_brand_social,kind,MW,social,brand,awareness,32024,90,DE_ESS_MARS_MW_Extra_EUR,Compliant,PROGRAMMATIC,DV360,4,GERMANY,EUR,EU/CEABT,DACH,247731,58487,1200679,2219,43094,39765.83796,550123,0,0,Dv360
DE,DATAROMA_DE_90,DATAROMA_DE_1,DATAROMA_DE_MW_1,3/20/2024,de_kin_p3-4-vnp_mw_eu_other_brand_social_awareness_bid-dda_0324_118458,3/5/2024,4/8/2024,7.111111111,99667,Kind,miscellaneous,miscellaneous,DATORAMA,DE_Extra_mw_eur_Dv360_10,na,de_kin_p3-4-vnp_mw_eu_other_brand_social,kind,MW,social,brand,awareness,32024,90,DE_ESS_MARS_MW_Extra_EUR,Compliant,PROGRAMMATIC,DV360,3,GERMANY,EUR,EU/CEABT,DACH,143121,14985,642830,2197,26264,24235.62371,370820,0,0,Dv360
DE,DATAROMA_DE_90,DATAROMA_DE_1,DATAROMA_DE_MW_1,4/6/2024,de_kin_p3-4-vnp_mw_eu_other_brand_social_awareness_bid-dda_0324_118458,3/5/2024,4/8/2024,7.5,115575,Kind,miscellaneous,miscellaneous,DATORAMA,DE_Extra_mw_eur_Dv360_10,na,de_kin_p3-4-vnp_mw_eu_other_brand_social,kind,MW,social,brand,awareness,32024,90,DE_ESS_MARS_MW_Extra_EUR,Compliant,PROGRAMMATIC,DV360,4,GERMANY,EUR,EU/CEABT,DACH,58737,9915,691887,923,35856,33086.83078,170255,0,0,Dv360
DE,DATAROMA_DE_90,DATAROMA_DE_1,DATAROMA_DE_MW_1,3/17/2024,de_kin_p3-4-vnp_mw_eu_other_brand_social_awareness_bid-dda_0324_118458,3/5/2024,4/8/2024,6.615384615,338832,Kind,miscellaneous,miscellaneous,DATORAMA,DE_Extra_mw_eur_Dv360_10,na,de_kin_p3-4-vnp_mw_eu_other_brand_social,kind,MW,social,brand,awareness,32024,90,DE_ESS_MARS_MW_Extra_EUR,Compliant,PROGRAMMATIC,DV360,3,GERMANY,EUR,EU/CEABT,DACH,372380,10357,1306804,2536,58151,53659.98151,585461,0,0,Dv360
DE,DATAROMA_DE_90,DATAROMA_DE_1,DATAROMA_DE_MW_1,3/9/2024,de_kin_p3-4-vnp_mw_eu_other_brand_social_awareness_bid-dda_0324_118458,3/5/2024,4/8/2024,6.75,195566,Kind,miscellaneous,miscellaneous,DATORAMA,DE_Extra_mw_eur_Dv360_10,na,de_kin_p3-4-vnp_mw_eu_other_brand_social,kind,MW,social,brand,awareness,32024,90,DE_ESS_MARS_MW_Extra_EUR,Compliant,PROGRAMMATIC,DV360,3,GERMANY,EUR,EU/CEABT,DACH,155614,10763,1091135,2606,43670,40297.35331,453020,0,0,Dv360
DE,DATAROMA_DE_90,DATAROMA_DE_1,DATAROMA_DE_MW_1,3/7/2024,de_kin_p3-4-vnp_mw_eu_other_brand_social_awareness_bid-dda_0324_118458,3/5/2024,4/8/2024,7.076923077,178454,Kind,miscellaneous,miscellaneous,DATORAMA,DE_Extra_mw_eur_Dv360_10,na,de_kin_p3-4-vnp_mw_eu_other_brand_social,kind,MW,social,brand,awareness,32024,90,DE_ESS_MARS_MW_Extra_EUR,Compliant,PROGRAMMATIC,DV360,3,GERMANY,EUR,EU/CEABT,DACH,160221,16008,1135687,2949,53640,49497.36734,414627,0,0,Dv360
DE,DATAROMA_DE_90,DATAROMA_DE_1,DATAROMA_DE_MW_1,3/10/2024,de_kin_p3-4-vnp_mw_eu_other_brand_social_awareness_bid-dda_0324_118458,3/5/2024,4/8/2024,5.363636364,357507,Kind,miscellaneous,miscellaneous,DATORAMA,DE_Extra_mw_eur_Dv360_10,na,de_kin_p3-4-vnp_mw_eu_other_brand_social,kind,MW,social,brand,awareness,32024,90,DE_ESS_MARS_MW_Extra_EUR,Compliant,PROGRAMMATIC,DV360,3,GERMANY,EUR,EU/CEABT,DACH,261860,24161,1077229,3053,43072,39745.53702,541124,0,0,Dv360
DE,DATAROMA_DE_90,DATAROMA_DE_1,DATAROMA_DE_MW_1,3/28/2024,de_kin_p3-4-vnp_mw_eu_other_brand_social_awareness_bid-dda_0324_118458,3/5/2024,4/8/2024,6.875,350177,Kind,miscellaneous,miscellaneous,DATORAMA,DE_Extra_mw_eur_Dv360_10,na,de_kin_p3-4-vnp_mw_eu_other_brand_social,kind,MW,social,brand,awareness,32024,90,DE_ESS_MARS_MW_Extra_EUR,Compliant,PROGRAMMATIC,DV360,4,GERMANY,EUR,EU/CEABT,DACH,169351,9318,757454,1083,24838,22919.7541,238594,0,0,Dv360
DE,DATAROMA_DE_90,DATAROMA_DE_1,DATAROMA_DE_MW_1,3/21/2024,de_kin_p3-4-vnp_mw_eu_other_brand_social_awareness_bid-dda_0324_118458,3/5/2024,4/8/2024,3.111111111,411798,Kind,miscellaneous,miscellaneous,DATORAMA,DE_Extra_mw_eur_Dv360_10,na,de_kin_p3-4-vnp_mw_eu_other_brand_social,kind,MW,social,brand,awareness,32024,90,DE_ESS_MARS_MW_Extra_EUR,Compliant,PROGRAMMATIC,DV360,3,GERMANY,EUR,EU/CEABT,DACH,209924,21657,964378,1739,27005,24919.39607,512645,0,0,Dv360
DE,DATAROMA_DE_90,DATAROMA_DE_1,DATAROMA_DE_MW_1,3/14/2024,de_kin_p3-4-vnp_mw_eu_other_brand_social_awareness_bid-dda_0324_118458,3/5/2024,4/8/2024,6.461538462,374902,Kind,miscellaneous,miscellaneous,DATORAMA,DE_Extra_mw_eur_Dv360_10,na,de_kin_p3-4-vnp_mw_eu_other_brand_social,kind,MW,social,brand,awareness,32024,90,DE_ESS_MARS_MW_Extra_EUR,Compliant,PROGRAMMATIC,DV360,3,GERMANY,EUR,EU/CEABT,DACH,426256,68894,1229909,2473,46507,42915.25099,745305,0,0,Dv360
DE,DATAROMA_DE_90,DATAROMA_DE_1,DATAROMA_DE_MW_1,3/27/2024,de_kin_p3-4-vnp_mw_eu_other_brand_social_awareness_bid-dda_0324_118458,3/5/2024,4/8/2024,5.5,174409,Kind,miscellaneous,miscellaneous,DATORAMA,DE_Extra_mw_eur_Dv360_10,na,de_kin_p3-4-vnp_mw_eu_other_brand_social,kind,MW,social,brand,awareness,32024,90,DE_ESS_MARS_MW_Extra_EUR,Compliant,PROGRAMMATIC,DV360,4,GERMANY,EUR,EU/CEABT,DACH,90681,6498,393161,1066,24755,22843.16421,206587,0,0,Dv360
DE,DATAROMA_DE_90,DATAROMA_DE_1,DATAROMA_DE_MW_1,3/23/2024,de_kin_p3-4-vnp_mw_eu_other_brand_social_awareness_bid-dda_0324_118458,3/5/2024,4/8/2024,6.133333333,403945,Kind,miscellaneous,miscellaneous,DATORAMA,DE_Extra_mw_eur_Dv360_10,na,de_kin_p3-4-vnp_mw_eu_other_brand_social,kind,MW,social,brand,awareness,32024,90,DE_ESS_MARS_MW_Extra_EUR,Compliant,PROGRAMMATIC,DV360,3,GERMANY,EUR,EU/CEABT,DACH,349809,25643,1324738,3995,58418,53906.36102,687983,0,0,Dv360
DE,DATAROMA_DE_90,DATAROMA_DE_1,DATAROMA_DE_MW_1,3/8/2024,de_kin_p3-4-vnp_mw_eu_other_brand_social_awareness_bid-dda_0324_118458,3/5/2024,4/8/2024,6.384615385,165868,Kind,miscellaneous,miscellaneous,DATORAMA,DE_Extra_mw_eur_Dv360_10,na,de_kin_p3-4-vnp_mw_eu_other_brand_social,kind,MW,social,brand,awareness,32024,90,DE_ESS_MARS_MW_Extra_EUR,Compliant,PROGRAMMATIC,DV360,3,GERMANY,EUR,EU/CEABT,DACH,160712,25709,715078,1016,51698,47705.34856,347939,0,0,Dv360
DE,DATAROMA_DE_98,DATAROMA_DE_1,DATAROMA_DE_MW_1,6/5/2024,de_kin_p6-7-vnp_mw_eu_other_brand_social_brand_na_0524_113722,5/24/2024,7/7/2024,7.833333333,80858,Kind,miscellaneous,miscellaneous,DATORAMA,DE_Extra_mw_eur_Dv360_18,social,de_kin_p6-7-vnp_mw_eu_other_brand_social,kind,MW,social,brand,brand,52024,98,DE_ESS_MARS_MW_Extra_EUR,Compliant,PROGRAMMATIC,DV360,6,GERMANY,EUR,EU/CEABT,DACH,184117,33055,592947,1832,26875,24799.436,319731,0,0,Dv360
DE,DATAROMA_DE_98,DATAROMA_DE_1,DATAROMA_DE_MW_1,6/21/2024,de_kin_p6-7-vnp_mw_eu_other_brand_social_brand_na_0524_113722,5/24/2024,7/7/2024,8,102180,Kind,miscellaneous,miscellaneous,DATORAMA,DE_Extra_mw_eur_Dv360_18,social,de_kin_p6-7-vnp_mw_eu_other_brand_social,kind,MW,social,brand,brand,52024,98,DE_ESS_MARS_MW_Extra_EUR,Compliant,PROGRAMMATIC,DV360,7,GERMANY,EUR,EU/CEABT,DACH,189476,58151,576604,3244,16444,15174.02514,387969,0,0,Dv360
DE,DATAROMA_DE_98,DATAROMA_DE_1,DATAROMA_DE_MW_1,5/25/2024,de_kin_p6-7-vnp_mw_eu_other_brand_social_brand_na_0524_113722,5/24/2024,7/7/2024,6.666666667,294460,Kind,miscellaneous,miscellaneous,DATORAMA,DE_Extra_mw_eur_Dv360_18,social,de_kin_p6-7-vnp_mw_eu_other_brand_social,kind,MW,social,brand,brand,52024,98,DE_ESS_MARS_MW_Extra_EUR,Compliant,PROGRAMMATIC,DV360,6,GERMANY,EUR,EU/CEABT,DACH,210932,36782,962858,3179,50349,46460.53222,561807,0,0,Dv360
DE,DATAROMA_DE_98,DATAROMA_DE_1,DATAROMA_DE_MW_1,7/6/2024,de_kin_p6-7-vnp_mw_eu_other_brand_social_brand_na_0524_113722,5/24/2024,7/7/2024,7.5,105316,Kind,miscellaneous,miscellaneous,DATORAMA,DE_Extra_mw_eur_Dv360_18,social,de_kin_p6-7-vnp_mw_eu_other_brand_social,kind,MW,social,brand,brand,52024,98,DE_ESS_MARS_MW_Extra_EUR,Compliant,PROGRAMMATIC,DV360,7,GERMANY,EUR,EU/CEABT,DACH,277787,5945,552458,1052,24387,22503.58496,354482,0,0,Dv360
DE,DATAROMA_DE_98,DATAROMA_DE_1,DATAROMA_DE_MW_1,6/24/2024,de_kin_p6-7-vnp_mw_eu_other_brand_social_brand_na_0524_113722,5/24/2024,7/7/2024,7.857142857,153458,Kind,miscellaneous,miscellaneous,DATORAMA,DE_Extra_mw_eur_Dv360_18,social,de_kin_p6-7-vnp_mw_eu_other_brand_social,kind,MW,social,brand,brand,52024,98,DE_ESS_MARS_MW_Extra_EUR,Compliant,PROGRAMMATIC,DV360,7,GERMANY,EUR,EU/CEABT,DACH,255939,28170,1131426,1661,49953,46095.11541,526759,0,0,Dv360
DE,DATAROMA_DE_98,DATAROMA_DE_1,DATAROMA_DE_MW_1,5/28/2024,de_kin_p6-7-vnp_mw_eu_other_brand_social_brand_na_0524_113722,5/24/2024,7/7/2024,6.615384615,163465,Kind,miscellaneous,miscellaneous,DATORAMA,DE_Extra_mw_eur_Dv360_18,social,de_kin_p6-7-vnp_mw_eu_other_brand_social,kind,MW,social,brand,brand,52024,98,DE_ESS_MARS_MW_Extra_EUR,Compliant,PROGRAMMATIC,DV360,6,GERMANY,EUR,EU/CEABT,DACH,105850,8209,854950,918,45901,42356.05254,195206,0,0,Dv360
DE,DATAROMA_DE_98,DATAROMA_DE_1,DATAROMA_DE_MW_1,6/2/2024,de_kin_p6-7-vnp_mw_eu_other_brand_social_brand_na_0524_113722,5/24/2024,7/7/2024,5.625,72552,Kind,miscellaneous,miscellaneous,DATORAMA,DE_Extra_mw_eur_Dv360_18,social,de_kin_p6-7-vnp_mw_eu_other_brand_social,kind,MW,social,brand,brand,52024,98,DE_ESS_MARS_MW_Extra_EUR,Compliant,PROGRAMMATIC,DV360,6,GERMANY,EUR,EU/CEABT,DACH,104482,16782,404809,767,30029,27709.85167,173365,0,0,Dv360
DE,DATAROMA_DE_98,DATAROMA_DE_1,DATAROMA_DE_MW_1,7/3/2024,de_kin_p6-7-vnp_mw_eu_other_brand_social_brand_na_0524_113722,5/24/2024,7/7/2024,6.333333333,214701,Kind,miscellaneous,miscellaneous,DATORAMA,DE_Extra_mw_eur_Dv360_18,social,de_kin_p6-7-vnp_mw_eu_other_brand_social,kind,MW,social,brand,brand,52024,98,DE_ESS_MARS_MW_Extra_EUR,Compliant,PROGRAMMATIC,DV360,7,GERMANY,EUR,EU/CEABT,DACH,114534,23452,904351,1730,48794,45025.62531,388975,0,0,Dv360
DE,DATAROMA_DE_98,DATAROMA_DE_1,DATAROMA_DE_MW_1,5/29/2024,de_kin_p6-7-vnp_mw_eu_other_brand_social_brand_na_0524_113722,5/24/2024,7/7/2024,6.555555556,284608,Kind,miscellaneous,miscellaneous,DATORAMA,DE_Extra_mw_eur_Dv360_18,social,de_kin_p6-7-vnp_mw_eu_other_brand_social,kind,MW,social,brand,brand,52024,98,DE_ESS_MARS_MW_Extra_EUR,Compliant,PROGRAMMATIC,DV360,6,GERMANY,EUR,EU/CEABT,DACH,270715,16716,928758,2307,29560,27277.07268,413171,0,0,Dv360
DE,DATAROMA_DE_98,DATAROMA_DE_1,DATAROMA_DE_MW_1,6/25/2024,de_kin_p6-7-vnp_mw_eu_other_brand_social_brand_na_0524_113722,5/24/2024,7/7/2024,6.3125,307302,Kind,miscellaneous,miscellaneous,DATORAMA,DE_Extra_mw_eur_Dv360_18,social,de_kin_p6-7-vnp_mw_eu_other_brand_social,kind,MW,social,brand,brand,52024,98,DE_ESS_MARS_MW_Extra_EUR,Compliant,PROGRAMMATIC,DV360,7,GERMANY,EUR,EU/CEABT,DACH,299325,35444,1198054,3276,56989,52587.7231,579948,0,0,Dv360
DE,DATAROMA_DE_98,DATAROMA_DE_1,DATAROMA_DE_MW_1,6/19/2024,de_kin_p6-7-vnp_mw_eu_other_brand_social_brand_na_0524_113722,5/24/2024,7/7/2024,5.357142857,347554,Kind,miscellaneous,miscellaneous,DATORAMA,DE_Extra_mw_eur_Dv360_18,social,de_kin_p6-7-vnp_mw_eu_other_brand_social,kind,MW,social,brand,brand,52024,98,DE_ESS_MARS_MW_Extra_EUR,Compliant,PROGRAMMATIC,DV360,7,GERMANY,EUR,EU/CEABT,DACH,300393,37945,996142,3418,51295,47333.47236,604634,0,0,Dv360
DE,DATAROMA_DE_98,DATAROMA_DE_1,DATAROMA_DE_MW_1,5/26/2024,de_kin_p6-7-vnp_mw_eu_other_brand_social_brand_na_0524_113722,5/24/2024,7/7/2024,5.625,364463,Kind,miscellaneous,miscellaneous,DATORAMA,DE_Extra_mw_eur_Dv360_18,social,de_kin_p6-7-vnp_mw_eu_other_brand_social,kind,MW,social,brand,brand,52024,98,DE_ESS_MARS_MW_Extra_EUR,Compliant,PROGRAMMATIC,DV360,6,GERMANY,EUR,EU/CEABT,DACH,241851,17760,1037316,2012,37801,34881.61787,419632,0,0,Dv360
DE,DATAROMA_DE_98,DATAROMA_DE_1,DATAROMA_DE_MW_1,6/23/2024,de_kin_p6-7-vnp_mw_eu_other_brand_social_brand_na_0524_113722,5/24/2024,7/7/2024,8.285714286,277909,Kind,miscellaneous,miscellaneous,DATORAMA,DE_Extra_mw_eur_Dv360_18,social,de_kin_p6-7-vnp_mw_eu_other_brand_social,kind,MW,social,brand,brand,52024,98,DE_ESS_MARS_MW_Extra_EUR,Compliant,PROGRAMMATIC,DV360,7,GERMANY,EUR,EU/CEABT,DACH,179259,31331,764200,1079,28770,26548.08461,471768,0,0,Dv360
DE,DATAROMA_DE_98,DATAROMA_DE_1,DATAROMA_DE_MW_1,6/16/2024,de_kin_p6-7-vnp_mw_eu_other_brand_social_brand_na_0524_113722,5/24/2024,7/7/2024,8.307692308,131355,Kind,miscellaneous,miscellaneous,DATORAMA,DE_Extra_mw_eur_Dv360_18,social,de_kin_p6-7-vnp_mw_eu_other_brand_social,kind,MW,social,brand,brand,52024,98,DE_ESS_MARS_MW_Extra_EUR,Compliant,PROGRAMMATIC,DV360,7,GERMANY,EUR,EU/CEABT,DACH,185298,12187,993230,2841,45760,42225.94201,470637,0,0,Dv360
DE,DATAROMA_DE_98,DATAROMA_DE_1,DATAROMA_DE_MW_1,6/12/2024,de_kin_p6-7-vnp_mw_eu_other_brand_social_brand_na_0524_113722,5/24/2024,7/7/2024,5.75,242255,Kind,miscellaneous,miscellaneous,DATORAMA,DE_Extra_mw_eur_Dv360_18,social,de_kin_p6-7-vnp_mw_eu_other_brand_social,kind,MW,social,brand,brand,52024,98,DE_ESS_MARS_MW_Extra_EUR,Compliant,PROGRAMMATIC,DV360,6,GERMANY,EUR,EU/CEABT,DACH,252691,110853,925353,3116,37145,34276.28094,530954,0,0,Dv360
DE,DATAROMA_DE_98,DATAROMA_DE_1,DATAROMA_DE_MW_1,6/7/2024,de_kin_p6-7-vnp_mw_eu_other_brand_social_brand_na_0524_113722,5/24/2024,7/7/2024,7,243655,Kind,miscellaneous,miscellaneous,DATORAMA,DE_Extra_mw_eur_Dv360_18,social,de_kin_p6-7-vnp_mw_eu_other_brand_social,kind,MW,social,brand,brand,52024,98,DE_ESS_MARS_MW_Extra_EUR,Compliant,PROGRAMMATIC,DV360,6,GERMANY,EUR,EU/CEABT,DACH,307852,67958,1276910,1891,57522,53079.55936,526415,0,0,Dv360
DE,DATAROMA_DE_98,DATAROMA_DE_1,DATAROMA_DE_MW_1,6/3/2024,de_kin_p6-7-vnp_mw_eu_other_brand_social_brand_na_0524_113722,5/24/2024,7/7/2024,8.5,111399,Kind,miscellaneous,miscellaneous,DATORAMA,DE_Extra_mw_eur_Dv360_18,social,de_kin_p6-7-vnp_mw_eu_other_brand_social,kind,MW,social,brand,brand,52024,98,DE_ESS_MARS_MW_Extra_EUR,Compliant,PROGRAMMATIC,DV360,6,GERMANY,EUR,EU/CEABT,DACH,273867,26131,846263,2349,33949,31327.10894,422494,0,0,Dv360
DE,DATAROMA_DE_98,DATAROMA_DE_1,DATAROMA_DE_MW_1,7/7/2024,de_kin_p6-7-vnp_mw_eu_other_brand_social_brand_na_0524_113722,5/24/2024,7/7/2024,6.125,145849,Kind,miscellaneous,miscellaneous,DATORAMA,DE_Extra_mw_eur_Dv360_18,social,de_kin_p6-7-vnp_mw_eu_other_brand_social,kind,MW,social,brand,brand,52024,98,DE_ESS_MARS_MW_Extra_EUR,Compliant,PROGRAMMATIC,DV360,7,GERMANY,EUR,EU/CEABT,DACH,175695,11761,711711,1655,27350,25237.75162,353787,0,0,Dv360
DE,DATAROMA_DE_98,DATAROMA_DE_1,DATAROMA_DE_MW_1,6/11/2024,de_kin_p6-7-vnp_mw_eu_other_brand_social_brand_na_0524_113722,5/24/2024,7/7/2024,7.714285714,106480,Kind,miscellaneous,miscellaneous,DATORAMA,DE_Extra_mw_eur_Dv360_18,social,de_kin_p6-7-vnp_mw_eu_other_brand_social,kind,MW,social,brand,brand,52024,98,DE_ESS_MARS_MW_Extra_EUR,Compliant,PROGRAMMATIC,DV360,6,GERMANY,EUR,EU/CEABT,DACH,122078,10601,607127,1863,24420,22534.03636,271056,0,0,Dv360
DE,DATAROMA_DE_98,DATAROMA_DE_1,DATAROMA_DE_MW_1,6/14/2024,de_kin_p6-7-vnp_mw_eu_other_brand_social_brand_na_0524_113722,5/24/2024,7/7/2024,6.5,188531,Kind,miscellaneous,miscellaneous,DATORAMA,DE_Extra_mw_eur_Dv360_18,social,de_kin_p6-7-vnp_mw_eu_other_brand_social,kind,MW,social,brand,brand,52024,98,DE_ESS_MARS_MW_Extra_EUR,Compliant,PROGRAMMATIC,DV360,6,GERMANY,EUR,EU/CEABT,DACH,122921,6494,573601,750,14010,12928.00366,179812,0,0,Dv360
DE,DATAROMA_DE_98,DATAROMA_DE_1,DATAROMA_DE_MW_1,6/28/2024,de_kin_p6-7-vnp_mw_eu_other_brand_social_brand_na_0524_113722,5/24/2024,7/7/2024,5.083333333,221310,Kind,miscellaneous,miscellaneous,DATORAMA,DE_Extra_mw_eur_Dv360_18,social,de_kin_p6-7-vnp_mw_eu_other_brand_social,kind,MW,social,brand,brand,52024,98,DE_ESS_MARS_MW_Extra_EUR,Compliant,PROGRAMMATIC,DV360,7,GERMANY,EUR,EU/CEABT,DACH,201077,8392,760987,2080,46487,42896.79559,382543,0,0,Dv360
DE,DATAROMA_DE_98,DATAROMA_DE_1,DATAROMA_DE_MW_1,6/9/2024,de_kin_p6-7-vnp_mw_eu_other_brand_social_brand_na_0524_113722,5/24/2024,7/7/2024,6.818181818,187863,Kind,miscellaneous,miscellaneous,DATORAMA,DE_Extra_mw_eur_Dv360_18,social,de_kin_p6-7-vnp_mw_eu_other_brand_social,kind,MW,social,brand,brand,52024,98,DE_ESS_MARS_MW_Extra_EUR,Compliant,PROGRAMMATIC,DV360,6,GERMANY,EUR,EU/CEABT,DACH,325752,35358,794569,2628,53240,49128.25945,499426,0,0,Dv360
DE,DATAROMA_DE_98,DATAROMA_DE_1,DATAROMA_DE_MW_1,5/27/2024,de_kin_p6-7-vnp_mw_eu_other_brand_social_brand_na_0524_113722,5/24/2024,7/7/2024,8.181818182,219157,Kind,miscellaneous,miscellaneous,DATORAMA,DE_Extra_mw_eur_Dv360_18,social,de_kin_p6-7-vnp_mw_eu_other_brand_social,kind,MW,social,brand,brand,52024,98,DE_ESS_MARS_MW_Extra_EUR,Compliant,PROGRAMMATIC,DV360,6,GERMANY,EUR,EU/CEABT,DACH,497231,153036,1316718,2322,44855,41390.83542,725607,0,0,Dv360
DE,DATAROMA_DE_98,DATAROMA_DE_1,DATAROMA_DE_MW_1,6/1/2024,de_kin_p6-7-vnp_mw_eu_other_brand_social_brand_na_0524_113722,5/24/2024,7/7/2024,7.555555556,129242,Kind,miscellaneous,miscellaneous,DATORAMA,DE_Extra_mw_eur_Dv360_18,social,de_kin_p6-7-vnp_mw_eu_other_brand_social,kind,MW,social,brand,brand,52024,98,DE_ESS_MARS_MW_Extra_EUR,Compliant,PROGRAMMATIC,DV360,6,GERMANY,EUR,EU/CEABT,DACH,90757,4083,503348,878,38625,35641.98012,173244,0,0,Dv360
DE,DATAROMA_DE_98,DATAROMA_DE_1,DATAROMA_DE_MW_1,6/22/2024,de_kin_p6-7-vnp_mw_eu_other_brand_social_brand_na_0524_113722,5/24/2024,7/7/2024,7.416666667,284602,Kind,miscellaneous,miscellaneous,DATORAMA,DE_Extra_mw_eur_Dv360_18,social,de_kin_p6-7-vnp_mw_eu_other_brand_social,kind,MW,social,brand,brand,52024,98,DE_ESS_MARS_MW_Extra_EUR,Compliant,PROGRAMMATIC,DV360,7,GERMANY,EUR,EU/CEABT,DACH,427179,24703,1336109,2316,51162,47210.74399,587926,0,0,Dv360
DE,DATAROMA_DE_98,DATAROMA_DE_1,DATAROMA_DE_MW_1,6/30/2024,de_kin_p6-7-vnp_mw_eu_other_brand_social_brand_na_0524_113722,5/24/2024,7/7/2024,7.75,270076,Kind,miscellaneous,miscellaneous,DATORAMA,DE_Extra_mw_eur_Dv360_18,social,de_kin_p6-7-vnp_mw_eu_other_brand_social,kind,MW,social,brand,brand,52024,98,DE_ESS_MARS_MW_Extra_EUR,Compliant,PROGRAMMATIC,DV360,7,GERMANY,EUR,EU/CEABT,DACH,201531,60092,1123033,2491,38908,35903.12394,694912,0,0,Dv360
DE,DATAROMA_DE_98,DATAROMA_DE_1,DATAROMA_DE_MW_1,6/20/2024,de_kin_p6-7-vnp_mw_eu_other_brand_social_brand_na_0524_113722,5/24/2024,7/7/2024,6,285324,Kind,miscellaneous,miscellaneous,DATORAMA,DE_Extra_mw_eur_Dv360_18,social,de_kin_p6-7-vnp_mw_eu_other_brand_social,kind,MW,social,brand,brand,52024,98,DE_ESS_MARS_MW_Extra_EUR,Compliant,PROGRAMMATIC,DV360,7,GERMANY,EUR,EU/CEABT,DACH,111135,21607,541107,1092,26853,24779.13507,316465,0,0,Dv360
DE,DATAROMA_DE_98,DATAROMA_DE_1,DATAROMA_DE_MW_1,6/17/2024,de_kin_p6-7-vnp_mw_eu_other_brand_social_brand_na_0524_113722,5/24/2024,7/7/2024,6.111111111,215008,Kind,miscellaneous,miscellaneous,DATORAMA,DE_Extra_mw_eur_Dv360_18,social,de_kin_p6-7-vnp_mw_eu_other_brand_social,kind,MW,social,brand,brand,52024,98,DE_ESS_MARS_MW_Extra_EUR,Compliant,PROGRAMMATIC,DV360,7,GERMANY,EUR,EU/CEABT,DACH,310183,42405,770221,2789,38422,35454.65787,486870,0,0,Dv360
DE,DATAROMA_DE_98,DATAROMA_DE_1,DATAROMA_DE_MW_1,6/29/2024,de_kin_p6-7-vnp_mw_eu_other_brand_social_brand_na_0524_113722,5/24/2024,7/7/2024,6.7,176987,Kind,miscellaneous,miscellaneous,DATORAMA,DE_Extra_mw_eur_Dv360_18,social,de_kin_p6-7-vnp_mw_eu_other_brand_social,kind,MW,social,brand,brand,52024,98,DE_ESS_MARS_MW_Extra_EUR,Compliant,PROGRAMMATIC,DV360,7,GERMANY,EUR,EU/CEABT,DACH,310262,37437,913958,2190,34397,31740.50978,553103,0,0,Dv360
DE,DATAROMA_DE_98,DATAROMA_DE_1,DATAROMA_DE_MW_1,6/15/2024,de_kin_p6-7-vnp_mw_eu_other_brand_social_brand_na_0524_113722,5/24/2024,7/7/2024,7.25,141019,Kind,miscellaneous,miscellaneous,DATORAMA,DE_Extra_mw_eur_Dv360_18,social,de_kin_p6-7-vnp_mw_eu_other_brand_social,kind,MW,social,brand,brand,52024,98,DE_ESS_MARS_MW_Extra_EUR,Compliant,PROGRAMMATIC,DV360,6,GERMANY,EUR,EU/CEABT,DACH,221518,60319,864391,2611,34060,31429.53638,488115,0,0,Dv360
DE,DATAROMA_DE_98,DATAROMA_DE_1,DATAROMA_DE_MW_1,6/4/2024,de_kin_p6-7-vnp_mw_eu_other_brand_social_brand_na_0524_113722,5/24/2024,7/7/2024,6.363636364,357865,Kind,miscellaneous,miscellaneous,DATORAMA,DE_Extra_mw_eur_Dv360_18,social,de_kin_p6-7-vnp_mw_eu_other_brand_social,kind,MW,social,brand,brand,52024,98,DE_ESS_MARS_MW_Extra_EUR,Compliant,PROGRAMMATIC,DV360,6,GERMANY,EUR,EU/CEABT,DACH,254517,50773,1141336,2247,57985,53506.80174,387891,0,0,Dv360
DE,DATAROMA_DE_98,DATAROMA_DE_1,DATAROMA_DE_MW_1,6/18/2024,de_kin_p6-7-vnp_mw_eu_other_brand_social_brand_na_0524_113722,5/24/2024,7/7/2024,5.076923077,590235,Kind,miscellaneous,miscellaneous,DATORAMA,DE_Extra_mw_eur_Dv360_18,social,de_kin_p6-7-vnp_mw_eu_other_brand_social,kind,MW,social,brand,brand,52024,98,DE_ESS_MARS_MW_Extra_EUR,Compliant,PROGRAMMATIC,DV360,7,GERMANY,EUR,EU/CEABT,DACH,360612,98972,1108563,3153,57750,53289.95085,721448,0,0,Dv360
DE,DATAROMA_DE_98,DATAROMA_DE_1,DATAROMA_DE_MW_1,5/24/2024,de_kin_p6-7-vnp_mw_eu_other_brand_social_brand_na_0524_113722,5/24/2024,7/7/2024,8.916666667,159944,Kind,miscellaneous,miscellaneous,DATORAMA,DE_Extra_mw_eur_Dv360_18,social,de_kin_p6-7-vnp_mw_eu_other_brand_social,kind,MW,social,brand,brand,52024,98,DE_ESS_MARS_MW_Extra_EUR,Compliant,PROGRAMMATIC,DV360,6,GERMANY,EUR,EU/CEABT,DACH,350361,71062,1302331,3415,34606,31933.36864,713325,1546044.242,1426642.8,Dv360
DE,DATAROMA_DE_98,DATAROMA_DE_1,DATAROMA_DE_MW_1,7/5/2024,de_kin_p6-7-vnp_mw_eu_other_brand_social_brand_na_0524_113722,5/24/2024,7/7/2024,7.636363636,167701,Kind,miscellaneous,miscellaneous,DATORAMA,DE_Extra_mw_eur_Dv360_18,social,de_kin_p6-7-vnp_mw_eu_other_brand_social,kind,MW,social,brand,brand,52024,98,DE_ESS_MARS_MW_Extra_EUR,Compliant,PROGRAMMATIC,DV360,7,GERMANY,EUR,EU/CEABT,DACH,278071,65658,965373,2327,59663,55055.20931,448128,0,0,Dv360
DE,DATAROMA_DE_98,DATAROMA_DE_1,DATAROMA_DE_MW_1,7/4/2024,de_kin_p6-7-vnp_mw_eu_other_brand_social_brand_na_0524_113722,5/24/2024,7/7/2024,3.285714286,355571,Kind,miscellaneous,miscellaneous,DATORAMA,DE_Extra_mw_eur_Dv360_18,social,de_kin_p6-7-vnp_mw_eu_other_brand_social,kind,MW,social,brand,brand,52024,98,DE_ESS_MARS_MW_Extra_EUR,Compliant,PROGRAMMATIC,DV360,7,GERMANY,EUR,EU/CEABT,DACH,190459,18060,672714,2209,31433,29005.42035,484297,0,0,Dv360
DE,DATAROMA_DE_98,DATAROMA_DE_1,DATAROMA_DE_MW_1,6/10/2024,de_kin_p6-7-vnp_mw_eu_other_brand_social_brand_na_0524_113722,5/24/2024,7/7/2024,6.4,71444,Kind,miscellaneous,miscellaneous,DATORAMA,DE_Extra_mw_eur_Dv360_18,social,de_kin_p6-7-vnp_mw_eu_other_brand_social,kind,MW,social,brand,brand,52024,98,DE_ESS_MARS_MW_Extra_EUR,Compliant,PROGRAMMATIC,DV360,6,GERMANY,EUR,EU/CEABT,DACH,84170,11624,354560,628,21639,19967.81379,159156,0,0,Dv360
DE,DATAROMA_DE_98,DATAROMA_DE_1,DATAROMA_DE_MW_1,6/27/2024,de_kin_p6-7-vnp_mw_eu_other_brand_social_brand_na_0524_113722,5/24/2024,7/7/2024,5.888888889,329977,Kind,miscellaneous,miscellaneous,DATORAMA,DE_Extra_mw_eur_Dv360_18,social,de_kin_p6-7-vnp_mw_eu_other_brand_social,kind,MW,social,brand,brand,52024,98,DE_ESS_MARS_MW_Extra_EUR,Compliant,PROGRAMMATIC,DV360,7,GERMANY,EUR,EU/CEABT,DACH,167865,7092,656892,1769,31813,29356.07284,293349,0,0,Dv360
DE,DATAROMA_DE_99,DATAROMA_DE_1,DATAROMA_DE_MW_1,10/11/2024,de_kin_p10-11-vnp_mw_eu_other_brand_na_awareness_bid-icj_1024_111692,10/5/2024,11/13/2024,8.222222222,128526,Kind,miscellaneous,miscellaneous,DATORAMA,DE_Extra_mw_eur_Dv360_19,social,de_kin_p10-11-vnp_mw_eu_other_brand_na,kind,MW,na,brand,awareness,102024,99,DE_ESS_MARS_MW_Extra_EUR,Compliant,PROGRAMMATIC,DV360,11,GERMANY,EUR,EU/CEABT,DACH,178550,51688,779290,2034,31864,29403.1341,364303,0,0,Dv360
DE,DATAROMA_DE_99,DATAROMA_DE_1,DATAROMA_DE_MW_1,11/7/2024,de_kin_p10-11-vnp_mw_eu_other_brand_na_awareness_bid-icj_1024_111692,10/5/2024,11/13/2024,5.8125,348066,Kind,miscellaneous,miscellaneous,DATORAMA,DE_Extra_mw_eur_Dv360_19,social,de_kin_p10-11-vnp_mw_eu_other_brand_na,kind,MW,na,brand,awareness,102024,99,DE_ESS_MARS_MW_Extra_EUR,Compliant,PROGRAMMATIC,DV360,12,GERMANY,EUR,EU/CEABT,DACH,306439,40542,1219398,2799,81170,74901.2175,620739,0,0,Dv360
DE,DATAROMA_DE_99,DATAROMA_DE_1,DATAROMA_DE_MW_1,11/2/2024,de_kin_p10-11-vnp_mw_eu_other_brand_na_awareness_bid-icj_1024_111692,10/5/2024,11/13/2024,7,170313,Kind,miscellaneous,miscellaneous,DATORAMA,DE_Extra_mw_eur_Dv360_19,social,de_kin_p10-11-vnp_mw_eu_other_brand_na,kind,MW,na,brand,awareness,102024,99,DE_ESS_MARS_MW_Extra_EUR,Compliant,PROGRAMMATIC,DV360,11,GERMANY,EUR,EU/CEABT,DACH,356890,47850,1093154,3289,52235,48200.87589,708088,0,0,Dv360
DE,DATAROMA_DE_99,DATAROMA_DE_1,DATAROMA_DE_MW_1,10/31/2024,de_kin_p10-11-vnp_mw_eu_other_brand_na_awareness_bid-icj_1024_111692,10/5/2024,11/13/2024,4.5,341969,Kind,miscellaneous,miscellaneous,DATORAMA,DE_Extra_mw_eur_Dv360_19,social,de_kin_p10-11-vnp_mw_eu_other_brand_na,kind,MW,na,brand,awareness,102024,99,DE_ESS_MARS_MW_Extra_EUR,Compliant,PROGRAMMATIC,DV360,11,GERMANY,EUR,EU/CEABT,DACH,206253,66868,981571,2165,55296,51025.47398,473979,0,0,Dv360
DE,DATAROMA_DE_99,DATAROMA_DE_1,DATAROMA_DE_MW_1,10/29/2024,de_kin_p10-11-vnp_mw_eu_other_brand_na_awareness_bid-icj_1024_111692,10/5/2024,11/13/2024,6.928571429,209877,Kind,miscellaneous,miscellaneous,DATORAMA,DE_Extra_mw_eur_Dv360_19,social,de_kin_p10-11-vnp_mw_eu_other_brand_na,kind,MW,na,brand,awareness,102024,99,DE_ESS_MARS_MW_Extra_EUR,Compliant,PROGRAMMATIC,DV360,11,GERMANY,EUR,EU/CEABT,DACH,155766,11873,1063185,2008,61516,56765.10159,340536,0,0,Dv360
DE,DATAROMA_DE_99,DATAROMA_DE_1,DATAROMA_DE_MW_1,10/22/2024,de_kin_p10-11-vnp_mw_eu_other_brand_na_awareness_bid-icj_1024_111692,10/5/2024,11/13/2024,5.9,307917,Kind,miscellaneous,miscellaneous,DATORAMA,DE_Extra_mw_eur_Dv360_19,social,de_kin_p10-11-vnp_mw_eu_other_brand_na,kind,MW,na,brand,awareness,102024,99,DE_ESS_MARS_MW_Extra_EUR,Compliant,PROGRAMMATIC,DV360,11,GERMANY,EUR,EU/CEABT,DACH,200214,21367,825503,2093,46509,42917.09652,362544,0,0,Dv360
DE,DATAROMA_DE_99,DATAROMA_DE_1,DATAROMA_DE_MW_1,11/12/2024,de_kin_p10-11-vnp_mw_eu_other_brand_na_awareness_bid-icj_1024_111692,10/5/2024,11/13/2024,7.928571429,246127,Kind,miscellaneous,miscellaneous,DATORAMA,DE_Extra_mw_eur_Dv360_19,social,de_kin_p10-11-vnp_mw_eu_other_brand_na,kind,MW,na,brand,awareness,102024,99,DE_ESS_MARS_MW_Extra_EUR,Compliant,PROGRAMMATIC,DV360,12,GERMANY,EUR,EU/CEABT,DACH,392998,57154,1142304,3767,61671,56908.13089,711376,0,0,Dv360
DE,DATAROMA_DE_99,DATAROMA_DE_1,DATAROMA_DE_MW_1,11/4/2024,de_kin_p10-11-vnp_mw_eu_other_brand_na_awareness_bid-icj_1024_111692,10/5/2024,11/13/2024,8.166666667,263741,Kind,miscellaneous,miscellaneous,DATORAMA,DE_Extra_mw_eur_Dv360_19,social,de_kin_p10-11-vnp_mw_eu_other_brand_na,kind,MW,na,brand,awareness,102024,99,DE_ESS_MARS_MW_Extra_EUR,Compliant,PROGRAMMATIC,DV360,12,GERMANY,EUR,EU/CEABT,DACH,219252,33146,1000983,4613,47228,43580.56795,662307,0,0,Dv360
DE,DATAROMA_DE_99,DATAROMA_DE_1,DATAROMA_DE_MW_1,10/9/2024,de_kin_p10-11-vnp_mw_eu_other_brand_na_awareness_bid-icj_1024_111692,10/5/2024,11/13/2024,7.692307692,148158,Kind,miscellaneous,miscellaneous,DATORAMA,DE_Extra_mw_eur_Dv360_19,social,de_kin_p10-11-vnp_mw_eu_other_brand_na,kind,MW,na,brand,awareness,102024,99,DE_ESS_MARS_MW_Extra_EUR,Compliant,PROGRAMMATIC,DV360,11,GERMANY,EUR,EU/CEABT,DACH,179805,28470,915226,2185,46172,42606.12313,372731,0,0,Dv360
DE,DATAROMA_DE_99,DATAROMA_DE_1,DATAROMA_DE_MW_1,10/18/2024,de_kin_p10-11-vnp_mw_eu_other_brand_na_awareness_bid-icj_1024_111692,10/5/2024,11/13/2024,7.25,226693,Kind,miscellaneous,miscellaneous,DATORAMA,DE_Extra_mw_eur_Dv360_19,social,de_kin_p10-11-vnp_mw_eu_other_brand_na,kind,MW,na,brand,awareness,102024,99,DE_ESS_MARS_MW_Extra_EUR,Compliant,PROGRAMMATIC,DV360,11,GERMANY,EUR,EU/CEABT,DACH,324076,31362,1221585,3967,38906,35901.27841,794825,0,0,Dv360
DE,DATAROMA_DE_99,DATAROMA_DE_1,DATAROMA_DE_MW_1,10/7/2024,de_kin_p10-11-vnp_mw_eu_other_brand_na_awareness_bid-icj_1024_111692,10/5/2024,11/13/2024,6.083333333,498592,Kind,miscellaneous,miscellaneous,DATORAMA,DE_Extra_mw_eur_Dv360_19,social,de_kin_p10-11-vnp_mw_eu_other_brand_na,kind,MW,na,brand,awareness,102024,99,DE_ESS_MARS_MW_Extra_EUR,Compliant,PROGRAMMATIC,DV360,11,GERMANY,EUR,EU/CEABT,DACH,390260,23113,1292581,3570,54715,50489.34478,729817,0,0,Dv360
DE,DATAROMA_DE_99,DATAROMA_DE_1,DATAROMA_DE_MW_1,11/9/2024,de_kin_p10-11-vnp_mw_eu_other_brand_na_awareness_bid-icj_1024_111692,10/5/2024,11/13/2024,4.8,425090,Kind,miscellaneous,miscellaneous,DATORAMA,DE_Extra_mw_eur_Dv360_19,social,de_kin_p10-11-vnp_mw_eu_other_brand_na,kind,MW,na,brand,awareness,102024,99,DE_ESS_MARS_MW_Extra_EUR,Compliant,PROGRAMMATIC,DV360,12,GERMANY,EUR,EU/CEABT,DACH,283250,15869,1038733,4617,37792,34873.31295,711019,0,0,Dv360
DE,DATAROMA_DE_99,DATAROMA_DE_1,DATAROMA_DE_MW_1,11/3/2024,de_kin_p10-11-vnp_mw_eu_other_brand_na_awareness_bid-icj_1024_111692,10/5/2024,11/13/2024,6,331113,Kind,miscellaneous,miscellaneous,DATORAMA,DE_Extra_mw_eur_Dv360_19,social,de_kin_p10-11-vnp_mw_eu_other_brand_na,kind,MW,na,brand,awareness,102024,99,DE_ESS_MARS_MW_Extra_EUR,Compliant,PROGRAMMATIC,DV360,12,GERMANY,EUR,EU/CEABT,DACH,361492,28002,1218854,2329,36657,33825.96932,699580,0,0,Dv360
DE,DATAROMA_DE_99,DATAROMA_DE_1,DATAROMA_DE_MW_1,10/12/2024,de_kin_p10-11-vnp_mw_eu_other_brand_na_awareness_bid-icj_1024_111692,10/5/2024,11/13/2024,7.583333333,188343,Kind,miscellaneous,miscellaneous,DATORAMA,DE_Extra_mw_eur_Dv360_19,social,de_kin_p10-11-vnp_mw_eu_other_brand_na,kind,MW,na,brand,awareness,102024,99,DE_ESS_MARS_MW_Extra_EUR,Compliant,PROGRAMMATIC,DV360,11,GERMANY,EUR,EU/CEABT,DACH,360337,151944,977134,3799,37591,34687.83623,652577,0,0,Dv360
DE,DATAROMA_DE_99,DATAROMA_DE_1,DATAROMA_DE_MW_1,10/15/2024,de_kin_p10-11-vnp_mw_eu_other_brand_na_awareness_bid-icj_1024_111692,10/5/2024,11/13/2024,4.8,149923,Kind,miscellaneous,miscellaneous,DATORAMA,DE_Extra_mw_eur_Dv360_19,social,de_kin_p10-11-vnp_mw_eu_other_brand_na,kind,MW,na,brand,awareness,102024,99,DE_ESS_MARS_MW_Extra_EUR,Compliant,PROGRAMMATIC,DV360,11,GERMANY,EUR,EU/CEABT,DACH,213042,21869,578806,1836,26569,24517.06847,283083,0,0,Dv360
DE,DATAROMA_DE_99,DATAROMA_DE_1,DATAROMA_DE_MW_1,11/1/2024,de_kin_p10-11-vnp_mw_eu_other_brand_na_awareness_bid-icj_1024_111692,10/5/2024,11/13/2024,7.3,166756,Kind,miscellaneous,miscellaneous,DATORAMA,DE_Extra_mw_eur_Dv360_19,social,de_kin_p10-11-vnp_mw_eu_other_brand_na,kind,MW,na,brand,awareness,102024,99,DE_ESS_MARS_MW_Extra_EUR,Compliant,PROGRAMMATIC,DV360,11,GERMANY,EUR,EU/CEABT,DACH,219527,40205,972367,1718,33819,31207.14888,434426,0,0,Dv360
DE,DATAROMA_DE_99,DATAROMA_DE_1,DATAROMA_DE_MW_1,10/23/2024,de_kin_p10-11-vnp_mw_eu_other_brand_na_awareness_bid-icj_1024_111692,10/5/2024,11/13/2024,6.555555556,116610,Kind,miscellaneous,miscellaneous,DATORAMA,DE_Extra_mw_eur_Dv360_19,social,de_kin_p10-11-vnp_mw_eu_other_brand_na,kind,MW,na,brand,awareness,102024,99,DE_ESS_MARS_MW_Extra_EUR,Compliant,PROGRAMMATIC,DV360,11,GERMANY,EUR,EU/CEABT,DACH,176298,8250,700677,2408,30068,27745.83969,361877,0,0,Dv360
DE,DATAROMA_DE_99,DATAROMA_DE_1,DATAROMA_DE_MW_1,11/8/2024,de_kin_p10-11-vnp_mw_eu_other_brand_na_awareness_bid-icj_1024_111692,10/5/2024,11/13/2024,5.444444444,300599,Kind,miscellaneous,miscellaneous,DATORAMA,DE_Extra_mw_eur_Dv360_19,social,de_kin_p10-11-vnp_mw_eu_other_brand_na,kind,MW,na,brand,awareness,102024,99,DE_ESS_MARS_MW_Extra_EUR,Compliant,PROGRAMMATIC,DV360,12,GERMANY,EUR,EU/CEABT,DACH,170595,44542,883748,3036,38573,35593.99609,418656,0,0,Dv360
DE,DATAROMA_DE_99,DATAROMA_DE_1,DATAROMA_DE_MW_1,10/16/2024,de_kin_p10-11-vnp_mw_eu_other_brand_na_awareness_bid-icj_1024_111692,10/5/2024,11/13/2024,5.833333333,243123,Kind,miscellaneous,miscellaneous,DATORAMA,DE_Extra_mw_eur_Dv360_19,social,de_kin_p10-11-vnp_mw_eu_other_brand_na,kind,MW,na,brand,awareness,102024,99,DE_ESS_MARS_MW_Extra_EUR,Compliant,PROGRAMMATIC,DV360,11,GERMANY,EUR,EU/CEABT,DACH,214670,10094,811692,560,25511,23540.77812,299948,0,0,Dv360
DE,DATAROMA_DE_99,DATAROMA_DE_1,DATAROMA_DE_MW_1,10/8/2024,de_kin_p10-11-vnp_mw_eu_other_brand_na_awareness_bid-icj_1024_111692,10/5/2024,11/13/2024,5.833333333,93501,Kind,miscellaneous,miscellaneous,DATORAMA,DE_Extra_mw_eur_Dv360_19,social,de_kin_p10-11-vnp_mw_eu_other_brand_na,kind,MW,na,brand,awareness,102024,99,DE_ESS_MARS_MW_Extra_EUR,Compliant,PROGRAMMATIC,DV360,11,GERMANY,EUR,EU/CEABT,DACH,118931,9956,444167,1574,20303,18734.99346,259333,0,0,Dv360
DE,DATAROMA_DE_99,DATAROMA_DE_1,DATAROMA_DE_MW_1,10/24/2024,de_kin_p10-11-vnp_mw_eu_other_brand_na_awareness_bid-icj_1024_111692,10/5/2024,11/13/2024,6.375,107781,Kind,miscellaneous,miscellaneous,DATORAMA,DE_Extra_mw_eur_Dv360_19,social,de_kin_p10-11-vnp_mw_eu_other_brand_na,kind,MW,na,brand,awareness,102024,99,DE_ESS_MARS_MW_Extra_EUR,Compliant,PROGRAMMATIC,DV360,11,GERMANY,EUR,EU/CEABT,DACH,132480,26693,495489,934,32465,29957.71869,233191,0,0,Dv360
DE,DATAROMA_DE_99,DATAROMA_DE_1,DATAROMA_DE_MW_1,10/27/2024,de_kin_p10-11-vnp_mw_eu_other_brand_na_awareness_bid-icj_1024_111692,10/5/2024,11/13/2024,6.1,186836,Kind,miscellaneous,miscellaneous,DATORAMA,DE_Extra_mw_eur_Dv360_19,social,de_kin_p10-11-vnp_mw_eu_other_brand_na,kind,MW,na,brand,awareness,102024,99,DE_ESS_MARS_MW_Extra_EUR,Compliant,PROGRAMMATIC,DV360,11,GERMANY,EUR,EU/CEABT,DACH,267518,28068,792284,2830,38905,35900.35564,517708,0,0,Dv360
DE,DATAROMA_DE_99,DATAROMA_DE_1,DATAROMA_DE_MW_1,10/13/2024,de_kin_p10-11-vnp_mw_eu_other_brand_na_awareness_bid-icj_1024_111692,10/5/2024,11/13/2024,5.6,441238,Kind,miscellaneous,miscellaneous,DATORAMA,DE_Extra_mw_eur_Dv360_19,social,de_kin_p10-11-vnp_mw_eu_other_brand_na,kind,MW,na,brand,awareness,102024,99,DE_ESS_MARS_MW_Extra_EUR,Compliant,PROGRAMMATIC,DV360,11,GERMANY,EUR,EU/CEABT,DACH,223463,21517,1058285,1334,40283,37171.9323,385314,0,0,Dv360
DE,DATAROMA_DE_99,DATAROMA_DE_1,DATAROMA_DE_MW_1,10/21/2024,de_kin_p10-11-vnp_mw_eu_other_brand_na_awareness_bid-icj_1024_111692,10/5/2024,11/13/2024,7.222222222,108742,Kind,miscellaneous,miscellaneous,DATORAMA,DE_Extra_mw_eur_Dv360_19,social,de_kin_p10-11-vnp_mw_eu_other_brand_na,kind,MW,na,brand,awareness,102024,99,DE_ESS_MARS_MW_Extra_EUR,Compliant,PROGRAMMATIC,DV360,11,GERMANY,EUR,EU/CEABT,DACH,130335,3110,677175,1083,26142,24123.04581,193029,0,0,Dv360
DE,DATAROMA_DE_99,DATAROMA_DE_1,DATAROMA_DE_MW_1,10/25/2024,de_kin_p10-11-vnp_mw_eu_other_brand_na_awareness_bid-icj_1024_111692,10/5/2024,11/13/2024,6.533333333,208066,Kind,miscellaneous,miscellaneous,DATORAMA,DE_Extra_mw_eur_Dv360_19,social,de_kin_p10-11-vnp_mw_eu_other_brand_na,kind,MW,na,brand,awareness,102024,99,DE_ESS_MARS_MW_Extra_EUR,Compliant,PROGRAMMATIC,DV360,11,GERMANY,EUR,EU/CEABT,DACH,277818,20814,1046229,1757,64137,59183.681,487873,0,0,Dv360
DE,DATAROMA_DE_99,DATAROMA_DE_1,DATAROMA_DE_MW_1,10/30/2024,de_kin_p10-11-vnp_mw_eu_other_brand_na_awareness_bid-icj_1024_111692,10/5/2024,11/13/2024,6.428571429,170188,Kind,miscellaneous,miscellaneous,DATORAMA,DE_Extra_mw_eur_Dv360_19,social,de_kin_p10-11-vnp_mw_eu_other_brand_na,kind,MW,na,brand,awareness,102024,99,DE_ESS_MARS_MW_Extra_EUR,Compliant,PROGRAMMATIC,DV360,11,GERMANY,EUR,EU/CEABT,DACH,172465,25823,536504,1479,31473,29042.33114,316340,0,0,Dv360
DE,DATAROMA_DE_99,DATAROMA_DE_1,DATAROMA_DE_MW_1,10/10/2024,de_kin_p10-11-vnp_mw_eu_other_brand_na_awareness_bid-icj_1024_111692,10/5/2024,11/13/2024,4.4,172055,Kind,miscellaneous,miscellaneous,DATORAMA,DE_Extra_mw_eur_Dv360_19,social,de_kin_p10-11-vnp_mw_eu_other_brand_na,kind,MW,na,brand,awareness,102024,99,DE_ESS_MARS_MW_Extra_EUR,Compliant,PROGRAMMATIC,DV360,11,GERMANY,EUR,EU/CEABT,DACH,136989,20865,446398,1343,23269,21471.92842,216599,0,0,Dv360
DE,DATAROMA_DE_99,DATAROMA_DE_1,DATAROMA_DE_MW_1,10/17/2024,de_kin_p10-11-vnp_mw_eu_other_brand_na_awareness_bid-icj_1024_111692,10/5/2024,11/13/2024,6.846153846,361389,Kind,miscellaneous,miscellaneous,DATORAMA,DE_Extra_mw_eur_Dv360_19,social,de_kin_p10-11-vnp_mw_eu_other_brand_na,kind,MW,na,brand,awareness,102024,99,DE_ESS_MARS_MW_Extra_EUR,Compliant,PROGRAMMATIC,DV360,11,GERMANY,EUR,EU/CEABT,DACH,376262,36830,1066544,3691,43237,39897.79403,632959,0,0,Dv360
DE,DATAROMA_DE_99,DATAROMA_DE_1,DATAROMA_DE_MW_1,11/5/2024,de_kin_p10-11-vnp_mw_eu_other_brand_na_awareness_bid-icj_1024_111692,10/5/2024,11/13/2024,6.2,338626,Kind,miscellaneous,miscellaneous,DATORAMA,DE_Extra_mw_eur_Dv360_19,social,de_kin_p10-11-vnp_mw_eu_other_brand_na,kind,MW,na,brand,awareness,102024,99,DE_ESS_MARS_MW_Extra_EUR,Compliant,PROGRAMMATIC,DV360,12,GERMANY,EUR,EU/CEABT,DACH,141219,17365,897116,1327,45910,42364.35746,373131,0,0,Dv360
DE,DATAROMA_DE_99,DATAROMA_DE_1,DATAROMA_DE_MW_1,10/6/2024,de_kin_p10-11-vnp_mw_eu_other_brand_na_awareness_bid-icj_1024_111692,10/5/2024,11/13/2024,5.818181818,301212,Kind,miscellaneous,miscellaneous,DATORAMA,DE_Extra_mw_eur_Dv360_19,social,de_kin_p10-11-vnp_mw_eu_other_brand_na,kind,MW,na,brand,awareness,102024,99,DE_ESS_MARS_MW_Extra_EUR,Compliant,PROGRAMMATIC,DV360,11,GERMANY,EUR,EU/CEABT,DACH,285542,36323,1070027,3392,53603,49463.22486,834590,0,0,Dv360
DE,DATAROMA_DE_99,DATAROMA_DE_1,DATAROMA_DE_MW_1,10/26/2024,de_kin_p10-11-vnp_mw_eu_other_brand_na_awareness_bid-icj_1024_111692,10/5/2024,11/13/2024,7.6,86935,Kind,miscellaneous,miscellaneous,DATORAMA,DE_Extra_mw_eur_Dv360_19,social,de_kin_p10-11-vnp_mw_eu_other_brand_na,kind,MW,na,brand,awareness,102024,99,DE_ESS_MARS_MW_Extra_EUR,Compliant,PROGRAMMATIC,DV360,11,GERMANY,EUR,EU/CEABT,DACH,203041,7420,543835,1039,21835,20148.67666,377120,0,0,Dv360
DE,DATAROMA_DE_99,DATAROMA_DE_1,DATAROMA_DE_MW_1,10/5/2024,de_kin_p10-11-vnp_mw_eu_other_brand_na_awareness_bid-icj_1024_111692,10/5/2024,11/13/2024,7.2,85022,Kind,miscellaneous,miscellaneous,DATORAMA,DE_Extra_mw_eur_Dv360_19,social,de_kin_p10-11-vnp_mw_eu_other_brand_na,kind,MW,na,brand,awareness,102024,99,DE_ESS_MARS_MW_Extra_EUR,Compliant,PROGRAMMATIC,DV360,10,GERMANY,EUR,EU/CEABT,DACH,199027,27323,475942,2370,17664,16299.80419,343057,2018920.599,1862998.779,Dv360
DE,DATAROMA_DE_99,DATAROMA_DE_1,DATAROMA_DE_MW_1,10/14/2024,de_kin_p10-11-vnp_mw_eu_other_brand_na_awareness_bid-icj_1024_111692,10/5/2024,11/13/2024,6.333333333,145940,Kind,miscellaneous,miscellaneous,DATORAMA,DE_Extra_mw_eur_Dv360_19,social,de_kin_p10-11-vnp_mw_eu_other_brand_na,kind,MW,na,brand,awareness,102024,99,DE_ESS_MARS_MW_Extra_EUR,Compliant,PROGRAMMATIC,DV360,11,GERMANY,EUR,EU/CEABT,DACH,248556,26395,790279,2319,30579,28217.37502,428856,0,0,Dv360
DE,DATAROMA_DE_106,DATAROMA_DE_1,DATAROMA_DE_MW_1,8/2/2024,de_kin_p8-9-vnp_mw_eu_other_brand_olv_na_bid-dda_0724_112184,7/16/2024,8/28/2024,8.4,335338,Kind,miscellaneous,miscellaneous,DATORAMA,DE_Balisto_mw_eur_Dv360_6,na,de_kin_p8-9-vnp_mw_eu_other_brand_olv,kind,MW,olv,brand,na,72024,106,DE_ESS_MARS_MW_Balisto_EUR,Compliant,PROGRAMMATIC,DV360,8,GERMANY,EUR,EU/CEABT,DACH,151715,31732,1445895,2608,40931,37769.88707,530310,0,0,Dv360
DE,DATAROMA_DE_106,DATAROMA_DE_1,DATAROMA_DE_MW_1,7/19/2024,de_kin_p8-9-vnp_mw_eu_other_brand_olv_na_bid-dda_0724_112184,7/16/2024,8/28/2024,6.444444444,168078,Kind,miscellaneous,miscellaneous,DATORAMA,DE_Balisto_mw_eur_Dv360_6,na,de_kin_p8-9-vnp_mw_eu_other_brand_olv,kind,MW,olv,brand,na,72024,106,DE_ESS_MARS_MW_Balisto_EUR,Compliant,PROGRAMMATIC,DV360,8,GERMANY,EUR,EU/CEABT,DACH,287004,12824,829971,1776,43451,40095.26675,417329,0,0,Dv360
DE,DATAROMA_DE_106,DATAROMA_DE_1,DATAROMA_DE_MW_1,7/27/2024,de_kin_p8-9-vnp_mw_eu_other_brand_olv_na_bid-dda_0724_112184,7/16/2024,8/28/2024,6.333333333,97652,Kind,miscellaneous,miscellaneous,DATORAMA,DE_Balisto_mw_eur_Dv360_6,na,de_kin_p8-9-vnp_mw_eu_other_brand_olv,kind,MW,olv,brand,na,72024,106,DE_ESS_MARS_MW_Balisto_EUR,Compliant,PROGRAMMATIC,DV360,8,GERMANY,EUR,EU/CEABT,DACH,91446,3225,526717,1331,39469,36420.79775,210450,0,0,Dv360
DE,DATAROMA_DE_106,DATAROMA_DE_1,DATAROMA_DE_MW_1,7/24/2024,de_kin_p8-9-vnp_mw_eu_other_brand_olv_na_bid-dda_0724_112184,7/16/2024,8/28/2024,6.5,121401,Kind,miscellaneous,miscellaneous,DATORAMA,DE_Balisto_mw_eur_Dv360_6,na,de_kin_p8-9-vnp_mw_eu_other_brand_olv,kind,MW,olv,brand,na,72024,106,DE_ESS_MARS_MW_Balisto_EUR,Compliant,PROGRAMMATIC,DV360,8,GERMANY,EUR,EU/CEABT,DACH,104793,5924,653436,1037,27022,24935.08315,222884,0,0,Dv360
DE,DATAROMA_DE_106,DATAROMA_DE_1,DATAROMA_DE_MW_1,8/16/2024,de_kin_p8-9-vnp_mw_eu_other_brand_olv_na_bid-dda_0724_112184,7/16/2024,8/28/2024,6.555555556,147882,Kind,miscellaneous,miscellaneous,DATORAMA,DE_Balisto_mw_eur_Dv360_6,na,de_kin_p8-9-vnp_mw_eu_other_brand_olv,kind,MW,olv,brand,na,72024,106,DE_ESS_MARS_MW_Balisto_EUR,Compliant,PROGRAMMATIC,DV360,9,GERMANY,EUR,EU/CEABT,DACH,195367,20933,496512,1715,29050,26806.46012,331884,0,0,Dv360
DE,DATAROMA_DE_106,DATAROMA_DE_1,DATAROMA_DE_MW_1,8/11/2024,de_kin_p8-9-vnp_mw_eu_other_brand_olv_na_bid-dda_0724_112184,7/16/2024,8/28/2024,6.2,264994,Kind,miscellaneous,miscellaneous,DATORAMA,DE_Balisto_mw_eur_Dv360_6,na,de_kin_p8-9-vnp_mw_eu_other_brand_olv,kind,MW,olv,brand,na,72024,106,DE_ESS_MARS_MW_Balisto_EUR,Compliant,PROGRAMMATIC,DV360,9,GERMANY,EUR,EU/CEABT,DACH,223964,20002,736160,1969,37197,34324.26497,368415,0,0,Dv360
DE,DATAROMA_DE_106,DATAROMA_DE_1,DATAROMA_DE_MW_1,8/28/2024,de_kin_p8-9-vnp_mw_eu_other_brand_olv_na_bid-dda_0724_112184,7/16/2024,8/28/2024,4,637123,Kind,miscellaneous,miscellaneous,DATORAMA,DE_Balisto_mw_eur_Dv360_6,na,de_kin_p8-9-vnp_mw_eu_other_brand_olv,kind,MW,olv,brand,na,72024,106,DE_ESS_MARS_MW_Balisto_EUR,Compliant,PROGRAMMATIC,DV360,9,GERMANY,EUR,EU/CEABT,DACH,109353,39241,1189428,2257,38408,35441.73909,535866,0,0,Dv360
DE,DATAROMA_DE_106,DATAROMA_DE_1,DATAROMA_DE_MW_1,7/22/2024,de_kin_p8-9-vnp_mw_eu_other_brand_olv_na_bid-dda_0724_112184,7/16/2024,8/28/2024,7.2,160276,Kind,miscellaneous,miscellaneous,DATORAMA,DE_Balisto_mw_eur_Dv360_6,na,de_kin_p8-9-vnp_mw_eu_other_brand_olv,kind,MW,olv,brand,na,72024,106,DE_ESS_MARS_MW_Balisto_EUR,Compliant,PROGRAMMATIC,DV360,8,GERMANY,EUR,EU/CEABT,DACH,263145,15330,947304,2498,31059,28660.30448,424714,0,0,Dv360
DE,DATAROMA_DE_106,DATAROMA_DE_1,DATAROMA_DE_MW_1,8/17/2024,de_kin_p8-9-vnp_mw_eu_other_brand_olv_na_bid-dda_0724_112184,7/16/2024,8/28/2024,7.058823529,197381,Kind,miscellaneous,miscellaneous,DATORAMA,DE_Balisto_mw_eur_Dv360_6,na,de_kin_p8-9-vnp_mw_eu_other_brand_olv,kind,MW,olv,brand,na,72024,106,DE_ESS_MARS_MW_Balisto_EUR,Compliant,PROGRAMMATIC,DV360,9,GERMANY,EUR,EU/CEABT,DACH,321088,19645,1096259,3166,70519,65072.7973,561238,0,0,Dv360
DE,DATAROMA_DE_106,DATAROMA_DE_1,DATAROMA_DE_MW_1,7/28/2024,de_kin_p8-9-vnp_mw_eu_other_brand_olv_na_bid-dda_0724_112184,7/16/2024,8/28/2024,7.375,90675,Kind,miscellaneous,miscellaneous,DATORAMA,DE_Balisto_mw_eur_Dv360_6,na,de_kin_p8-9-vnp_mw_eu_other_brand_olv,kind,MW,olv,brand,na,72024,106,DE_ESS_MARS_MW_Balisto_EUR,Compliant,PROGRAMMATIC,DV360,8,GERMANY,EUR,EU/CEABT,DACH,256384,15836,707083,2306,42035,38788.62483,513494,0,0,Dv360
DE,DATAROMA_DE_106,DATAROMA_DE_1,DATAROMA_DE_MW_1,8/21/2024,de_kin_p8-9-vnp_mw_eu_other_brand_olv_na_bid-dda_0724_112184,7/16/2024,8/28/2024,5.916666667,388178,Kind,miscellaneous,miscellaneous,DATORAMA,DE_Balisto_mw_eur_Dv360_6,na,de_kin_p8-9-vnp_mw_eu_other_brand_olv,kind,MW,olv,brand,na,72024,106,DE_ESS_MARS_MW_Balisto_EUR,Compliant,PROGRAMMATIC,DV360,9,GERMANY,EUR,EU/CEABT,DACH,280823,40728,965273,1301,44585,41141.6876,450402,0,0,Dv360
DE,DATAROMA_DE_106,DATAROMA_DE_1,DATAROMA_DE_MW_1,7/18/2024,de_kin_p8-9-vnp_mw_eu_other_brand_olv_na_bid-dda_0724_112184,7/16/2024,8/28/2024,8,107105,Kind,miscellaneous,miscellaneous,DATORAMA,DE_Balisto_mw_eur_Dv360_6,na,de_kin_p8-9-vnp_mw_eu_other_brand_olv,kind,MW,olv,brand,na,72024,106,DE_ESS_MARS_MW_Balisto_EUR,Compliant,PROGRAMMATIC,DV360,8,GERMANY,EUR,EU/CEABT,DACH,165710,34195,770047,2117,34833,32142.83737,335355,0,0,Dv360
DE,DATAROMA_DE_106,DATAROMA_DE_1,DATAROMA_DE_MW_1,8/24/2024,de_kin_p8-9-vnp_mw_eu_other_brand_olv_na_bid-dda_0724_112184,7/16/2024,8/28/2024,6.1,128963,Kind,miscellaneous,miscellaneous,DATORAMA,DE_Balisto_mw_eur_Dv360_6,na,de_kin_p8-9-vnp_mw_eu_other_brand_olv,kind,MW,olv,brand,na,72024,106,DE_ESS_MARS_MW_Balisto_EUR,Compliant,PROGRAMMATIC,DV360,9,GERMANY,EUR,EU/CEABT,DACH,93098,9917,670132,1682,47052,43418.16048,252111,0,0,Dv360
DE,DATAROMA_DE_106,DATAROMA_DE_1,DATAROMA_DE_MW_1,7/23/2024,de_kin_p8-9-vnp_mw_eu_other_brand_olv_na_bid-dda_0724_112184,7/16/2024,8/28/2024,6.166666667,96707,Kind,miscellaneous,miscellaneous,DATORAMA,DE_Balisto_mw_eur_Dv360_6,na,de_kin_p8-9-vnp_mw_eu_other_brand_olv,kind,MW,olv,brand,na,72024,106,DE_ESS_MARS_MW_Balisto_EUR,Compliant,PROGRAMMATIC,DV360,8,GERMANY,EUR,EU/CEABT,DACH,84205,9192,510510,1419,18997,17529.85621,239348,0,0,Dv360
DE,DATAROMA_DE_106,DATAROMA_DE_1,DATAROMA_DE_MW_1,7/31/2024,de_kin_p8-9-vnp_mw_eu_other_brand_olv_na_bid-dda_0724_112184,7/16/2024,8/28/2024,6,167684,Kind,miscellaneous,miscellaneous,DATORAMA,DE_Balisto_mw_eur_Dv360_6,na,de_kin_p8-9-vnp_mw_eu_other_brand_olv,kind,MW,olv,brand,na,72024,106,DE_ESS_MARS_MW_Balisto_EUR,Compliant,PROGRAMMATIC,DV360,8,GERMANY,EUR,EU/CEABT,DACH,39143,1972,484434,528,30721,28348.40832,176798,0,0,Dv360
DE,DATAROMA_DE_106,DATAROMA_DE_1,DATAROMA_DE_MW_1,8/19/2024,de_kin_p8-9-vnp_mw_eu_other_brand_olv_na_bid-dda_0724_112184,7/16/2024,8/28/2024,7,249022,Kind,miscellaneous,miscellaneous,DATORAMA,DE_Balisto_mw_eur_Dv360_6,na,de_kin_p8-9-vnp_mw_eu_other_brand_olv,kind,MW,olv,brand,na,72024,106,DE_ESS_MARS_MW_Balisto_EUR,Compliant,PROGRAMMATIC,DV360,9,GERMANY,EUR,EU/CEABT,DACH,85953,5224,717749,1120,40109,37011.37037,300334,0,0,Dv360
DE,DATAROMA_DE_106,DATAROMA_DE_1,DATAROMA_DE_MW_1,7/20/2024,de_kin_p8-9-vnp_mw_eu_other_brand_olv_na_bid-dda_0724_112184,7/16/2024,8/28/2024,7.454545455,137897,Kind,miscellaneous,miscellaneous,DATORAMA,DE_Balisto_mw_eur_Dv360_6,na,de_kin_p8-9-vnp_mw_eu_other_brand_olv,kind,MW,olv,brand,na,72024,106,DE_ESS_MARS_MW_Balisto_EUR,Compliant,PROGRAMMATIC,DV360,8,GERMANY,EUR,EU/CEABT,DACH,321865,13655,960349,3310,29874,27566.82237,713283,0,0,Dv360
DE,DATAROMA_DE_106,DATAROMA_DE_1,DATAROMA_DE_MW_1,7/26/2024,de_kin_p8-9-vnp_mw_eu_other_brand_olv_na_bid-dda_0724_112184,7/16/2024,8/28/2024,7.222222222,122139,Kind,miscellaneous,miscellaneous,DATORAMA,DE_Balisto_mw_eur_Dv360_6,na,de_kin_p8-9-vnp_mw_eu_other_brand_olv,kind,MW,olv,brand,na,72024,106,DE_ESS_MARS_MW_Balisto_EUR,Compliant,PROGRAMMATIC,DV360,8,GERMANY,EUR,EU/CEABT,DACH,134051,4194,857876,976,25638,23657.96987,291236,0,0,Dv360
DE,DATAROMA_DE_106,DATAROMA_DE_1,DATAROMA_DE_MW_1,7/30/2024,de_kin_p8-9-vnp_mw_eu_other_brand_olv_na_bid-dda_0724_112184,7/16/2024,8/28/2024,4.333333333,215440,Kind,miscellaneous,miscellaneous,DATORAMA,DE_Balisto_mw_eur_Dv360_6,na,de_kin_p8-9-vnp_mw_eu_other_brand_olv,kind,MW,olv,brand,na,72024,106,DE_ESS_MARS_MW_Balisto_EUR,Compliant,PROGRAMMATIC,DV360,8,GERMANY,EUR,EU/CEABT,DACH,189842,9296,535100,1847,23848,22006.21209,267765,0,0,Dv360
DE,DATAROMA_DE_106,DATAROMA_DE_1,DATAROMA_DE_MW_1,8/3/2024,de_kin_p8-9-vnp_mw_eu_other_brand_olv_na_bid-dda_0724_112184,7/16/2024,8/28/2024,6.375,194975,Kind,miscellaneous,miscellaneous,DATORAMA,DE_Balisto_mw_eur_Dv360_6,na,de_kin_p8-9-vnp_mw_eu_other_brand_olv,kind,MW,olv,brand,na,72024,106,DE_ESS_MARS_MW_Balisto_EUR,Compliant,PROGRAMMATIC,DV360,8,GERMANY,EUR,EU/CEABT,DACH,165325,11512,682143,1434,23053,21272.61017,304917,0,0,Dv360
DE,DATAROMA_DE_106,DATAROMA_DE_1,DATAROMA_DE_MW_1,7/21/2024,de_kin_p8-9-vnp_mw_eu_other_brand_olv_na_bid-dda_0724_112184,7/16/2024,8/28/2024,7.266666667,265215,Kind,miscellaneous,miscellaneous,DATORAMA,DE_Balisto_mw_eur_Dv360_6,na,de_kin_p8-9-vnp_mw_eu_other_brand_olv,kind,MW,olv,brand,na,72024,106,DE_ESS_MARS_MW_Balisto_EUR,Compliant,PROGRAMMATIC,DV360,8,GERMANY,EUR,EU/CEABT,DACH,467362,24904,1641050,2526,57109,52698.45547,773140,0,0,Dv360
DE,DATAROMA_DE_106,DATAROMA_DE_1,DATAROMA_DE_MW_1,8/25/2024,de_kin_p8-9-vnp_mw_eu_other_brand_olv_na_bid-dda_0724_112184,7/16/2024,8/28/2024,5,79359,Kind,miscellaneous,miscellaneous,DATORAMA,DE_Balisto_mw_eur_Dv360_6,na,de_kin_p8-9-vnp_mw_eu_other_brand_olv,kind,MW,olv,brand,na,72024,106,DE_ESS_MARS_MW_Balisto_EUR,Compliant,PROGRAMMATIC,DV360,9,GERMANY,EUR,EU/CEABT,DACH,59360,2494,318431,947,10852,10013.89691,203763,0,0,Dv360
DE,DATAROMA_DE_106,DATAROMA_DE_1,DATAROMA_DE_MW_1,8/8/2024,de_kin_p8-9-vnp_mw_eu_other_brand_olv_na_bid-dda_0724_112184,7/16/2024,8/28/2024,7,178905,Kind,miscellaneous,miscellaneous,DATORAMA,DE_Balisto_mw_eur_Dv360_6,na,de_kin_p8-9-vnp_mw_eu_other_brand_olv,kind,MW,olv,brand,na,72024,106,DE_ESS_MARS_MW_Balisto_EUR,Compliant,PROGRAMMATIC,DV360,8,GERMANY,EUR,EU/CEABT,DACH,290821,11883,760609,2386,23145,21357.50498,475979,0,0,Dv360
DE,DATAROMA_DE_106,DATAROMA_DE_1,DATAROMA_DE_MW_1,8/10/2024,de_kin_p8-9-vnp_mw_eu_other_brand_olv_na_bid-dda_0724_112184,7/16/2024,8/28/2024,8.714285714,137082,Kind,miscellaneous,miscellaneous,DATORAMA,DE_Balisto_mw_eur_Dv360_6,na,de_kin_p8-9-vnp_mw_eu_other_brand_olv,kind,MW,olv,brand,na,72024,106,DE_ESS_MARS_MW_Balisto_EUR,Compliant,PROGRAMMATIC,DV360,8,GERMANY,EUR,EU/CEABT,DACH,126926,8989,643220,841,26505,24458.01121,219035,0,0,Dv360
DE,DATAROMA_DE_106,DATAROMA_DE_1,DATAROMA_DE_MW_1,7/16/2024,de_kin_p8-9-vnp_mw_eu_other_brand_olv_na_bid-dda_0724_112184,7/16/2024,8/28/2024,5.9,240114,Kind,miscellaneous,miscellaneous,DATORAMA,DE_Balisto_mw_eur_Dv360_6,na,de_kin_p8-9-vnp_mw_eu_other_brand_olv,kind,MW,olv,brand,na,72024,106,DE_ESS_MARS_MW_Balisto_EUR,Compliant,PROGRAMMATIC,DV360,8,GERMANY,EUR,EU/CEABT,DACH,196826,10216,642564,1394,35142,32427.97321,285570,767327.0971,708066.2042,Dv360
DE,DATAROMA_DE_106,DATAROMA_DE_1,DATAROMA_DE_MW_1,8/20/2024,de_kin_p8-9-vnp_mw_eu_other_brand_olv_na_bid-dda_0724_112184,7/16/2024,8/28/2024,6.428571429,287530,Kind,miscellaneous,miscellaneous,DATORAMA,DE_Balisto_mw_eur_Dv360_6,na,de_kin_p8-9-vnp_mw_eu_other_brand_olv,kind,MW,olv,brand,na,72024,106,DE_ESS_MARS_MW_Balisto_EUR,Compliant,PROGRAMMATIC,DV360,9,GERMANY,EUR,EU/CEABT,DACH,159356,15458,596825,1992,24865,22944.66888,275056,0,0,Dv360
DE,DATAROMA_DE_106,DATAROMA_DE_1,DATAROMA_DE_MW_1,8/6/2024,de_kin_p8-9-vnp_mw_eu_other_brand_olv_na_bid-dda_0724_112184,7/16/2024,8/28/2024,6.636363636,319863,Kind,miscellaneous,miscellaneous,DATORAMA,DE_Balisto_mw_eur_Dv360_6,na,de_kin_p8-9-vnp_mw_eu_other_brand_olv,kind,MW,olv,brand,na,72024,106,DE_ESS_MARS_MW_Balisto_EUR,Compliant,PROGRAMMATIC,DV360,8,GERMANY,EUR,EU/CEABT,DACH,162874,52090,1056513,1627,48218,44494.10996,456896,0,0,Dv360
DE,DATAROMA_DE_106,DATAROMA_DE_1,DATAROMA_DE_MW_1,7/29/2024,de_kin_p8-9-vnp_mw_eu_other_brand_olv_na_bid-dda_0724_112184,7/16/2024,8/28/2024,5.583333333,342686,Kind,miscellaneous,miscellaneous,DATORAMA,DE_Balisto_mw_eur_Dv360_6,na,de_kin_p8-9-vnp_mw_eu_other_brand_olv,kind,MW,olv,brand,na,72024,106,DE_ESS_MARS_MW_Balisto_EUR,Compliant,PROGRAMMATIC,DV360,8,GERMANY,EUR,EU/CEABT,DACH,474695,33498,1270481,2685,43893,40503.13096,765114,0,0,Dv360
DE,DATAROMA_DE_106,DATAROMA_DE_1,DATAROMA_DE_MW_1,8/12/2024,de_kin_p8-9-vnp_mw_eu_other_brand_olv_na_bid-dda_0724_112184,7/16/2024,8/28/2024,4.833333333,236437,Kind,miscellaneous,miscellaneous,DATORAMA,DE_Balisto_mw_eur_Dv360_6,na,de_kin_p8-9-vnp_mw_eu_other_brand_olv,kind,MW,olv,brand,na,72024,106,DE_ESS_MARS_MW_Balisto_EUR,Compliant,PROGRAMMATIC,DV360,9,GERMANY,EUR,EU/CEABT,DACH,162121,29908,607622,1059,25848,23851.75151,305324,0,0,Dv360
DE,DATAROMA_DE_106,DATAROMA_DE_1,DATAROMA_DE_MW_1,8/22/2024,de_kin_p8-9-vnp_mw_eu_other_brand_olv_na_bid-dda_0724_112184,7/16/2024,8/28/2024,6.083333333,272172,Kind,miscellaneous,miscellaneous,DATORAMA,DE_Balisto_mw_eur_Dv360_6,na,de_kin_p8-9-vnp_mw_eu_other_brand_olv,kind,MW,olv,brand,na,72024,106,DE_ESS_MARS_MW_Balisto_EUR,Compliant,PROGRAMMATIC,DV360,9,GERMANY,EUR,EU/CEABT,DACH,171243,45388,1114360,1879,36385,33574.97596,535966,0,0,Dv360
DE,DATAROMA_DE_106,DATAROMA_DE_1,DATAROMA_DE_MW_1,8/26/2024,de_kin_p8-9-vnp_mw_eu_other_brand_olv_na_bid-dda_0724_112184,7/16/2024,8/28/2024,7.1,316868,Kind,miscellaneous,miscellaneous,DATORAMA,DE_Balisto_mw_eur_Dv360_6,na,de_kin_p8-9-vnp_mw_eu_other_brand_olv,kind,MW,olv,brand,na,72024,106,DE_ESS_MARS_MW_Balisto_EUR,Compliant,PROGRAMMATIC,DV360,9,GERMANY,EUR,EU/CEABT,DACH,138354,53940,918131,1924,29191,26936.57066,401114,0,0,Dv360
DE,DATAROMA_DE_106,DATAROMA_DE_1,DATAROMA_DE_MW_1,8/13/2024,de_kin_p8-9-vnp_mw_eu_other_brand_olv_na_bid-dda_0724_112184,7/16/2024,8/28/2024,5.375,149550,Kind,miscellaneous,miscellaneous,DATORAMA,DE_Balisto_mw_eur_Dv360_6,na,de_kin_p8-9-vnp_mw_eu_other_brand_olv,kind,MW,olv,brand,na,72024,106,DE_ESS_MARS_MW_Balisto_EUR,Compliant,PROGRAMMATIC,DV360,9,GERMANY,EUR,EU/CEABT,DACH,278972,29952,703000,2664,33707,31103.79867,421130,0,0,Dv360
DE,DATAROMA_DE_106,DATAROMA_DE_1,DATAROMA_DE_MW_1,8/4/2024,de_kin_p8-9-vnp_mw_eu_other_brand_olv_na_bid-dda_0724_112184,7/16/2024,8/28/2024,5.857142857,178997,Kind,miscellaneous,miscellaneous,DATORAMA,DE_Balisto_mw_eur_Dv360_6,na,de_kin_p8-9-vnp_mw_eu_other_brand_olv,kind,MW,olv,brand,na,72024,106,DE_ESS_MARS_MW_Balisto_EUR,Compliant,PROGRAMMATIC,DV360,8,GERMANY,EUR,EU/CEABT,DACH,161700,6122,635868,1149,24702,22794.25742,342613,0,0,Dv360
DE,DATAROMA_DE_109,DATAROMA_DE_1,DATAROMA_DE_MW_1,11/15/2024,de_kin_p11-12-vnp_mw_eu_other_brand_na_multiple_dir-nadr_1024_117402,10/15/2024,12/2/2024,8.375,86933,Kind,miscellaneous,miscellaneous,DATORAMA,DE_Balisto_mw_eur_Dv360_9,social,de_kin_p11-12-vnp_mw_eu_other_brand_na,kind,MW,na,brand,multiple,102024,109,DE_ESS_MARS_MW_Balisto_EUR,Compliant,PROGRAMMATIC,DV360,12,GERMANY,EUR,EU/CEABT,DACH,258074,20722,710429,1340,23561,21741.37718,450006,0,0,Dv360
DE,DATAROMA_DE_109,DATAROMA_DE_1,DATAROMA_DE_MW_1,11/6/2024,de_kin_p11-12-vnp_mw_eu_other_brand_na_multiple_dir-nadr_1024_117402,10/15/2024,12/2/2024,7.4,268157,Kind,miscellaneous,miscellaneous,DATORAMA,DE_Balisto_mw_eur_Dv360_9,social,de_kin_p11-12-vnp_mw_eu_other_brand_na,kind,MW,na,brand,multiple,102024,109,DE_ESS_MARS_MW_Balisto_EUR,Compliant,PROGRAMMATIC,DV360,12,GERMANY,EUR,EU/CEABT,DACH,181333,33307,1036454,2307,40729,37583.48759,532954,0,0,Dv360
DE,DATAROMA_DE_109,DATAROMA_DE_1,DATAROMA_DE_MW_1,10/25/2024,de_kin_p11-12-vnp_mw_eu_other_brand_na_multiple_dir-nadr_1024_117402,10/15/2024,12/2/2024,7.5,76384,Kind,miscellaneous,miscellaneous,DATORAMA,DE_Balisto_mw_eur_Dv360_9,social,de_kin_p11-12-vnp_mw_eu_other_brand_na,kind,MW,na,brand,multiple,102024,109,DE_ESS_MARS_MW_Balisto_EUR,Compliant,PROGRAMMATIC,DV360,11,GERMANY,EUR,EU/CEABT,DACH,24469,24499,375105,1234,20813,19205.60601,240599,0,0,Dv360
DE,DATAROMA_DE_109,DATAROMA_DE_1,DATAROMA_DE_MW_1,10/29/2024,de_kin_p11-12-vnp_mw_eu_other_brand_na_multiple_dir-nadr_1024_117402,10/15/2024,12/2/2024,6.166666667,124120,Kind,miscellaneous,miscellaneous,DATORAMA,DE_Balisto_mw_eur_Dv360_9,social,de_kin_p11-12-vnp_mw_eu_other_brand_na,kind,MW,na,brand,multiple,102024,109,DE_ESS_MARS_MW_Balisto_EUR,Compliant,PROGRAMMATIC,DV360,11,GERMANY,EUR,EU/CEABT,DACH,132518,40816,651905,1036,20823,19214.83371,260465,0,0,Dv360
DE,DATAROMA_DE_109,DATAROMA_DE_1,DATAROMA_DE_MW_1,11/22/2024,de_kin_p11-12-vnp_mw_eu_other_brand_na_multiple_dir-nadr_1024_117402,10/15/2024,12/2/2024,5.5,207649,Kind,miscellaneous,miscellaneous,DATORAMA,DE_Balisto_mw_eur_Dv360_9,social,de_kin_p11-12-vnp_mw_eu_other_brand_na,kind,MW,na,brand,multiple,102024,109,DE_ESS_MARS_MW_Balisto_EUR,Compliant,PROGRAMMATIC,DV360,12,GERMANY,EUR,EU/CEABT,DACH,155248,58345,518393,1455,30069,27746.76246,268555,0,0,Dv360
DE,DATAROMA_DE_109,DATAROMA_DE_1,DATAROMA_DE_MW_1,10/19/2024,de_kin_p11-12-vnp_mw_eu_other_brand_na_multiple_dir-nadr_1024_117402,10/15/2024,12/2/2024,7.428571429,103226,Kind,miscellaneous,miscellaneous,DATORAMA,DE_Balisto_mw_eur_Dv360_9,social,de_kin_p11-12-vnp_mw_eu_other_brand_na,kind,MW,na,brand,multiple,102024,109,DE_ESS_MARS_MW_Balisto_EUR,Compliant,PROGRAMMATIC,DV360,11,GERMANY,EUR,EU/CEABT,DACH,116132,8344,739539,792,29381,27111.8969,365415,0,0,Dv360
DE,DATAROMA_DE_109,DATAROMA_DE_1,DATAROMA_DE_MW_1,11/11/2024,de_kin_p11-12-vnp_mw_eu_other_brand_na_multiple_dir-nadr_1024_117402,10/15/2024,12/2/2024,6.846153846,250675,Kind,miscellaneous,miscellaneous,DATORAMA,DE_Balisto_mw_eur_Dv360_9,social,de_kin_p11-12-vnp_mw_eu_other_brand_na,kind,MW,na,brand,multiple,102024,109,DE_ESS_MARS_MW_Balisto_EUR,Compliant,PROGRAMMATIC,DV360,12,GERMANY,EUR,EU/CEABT,DACH,171347,34704,1030944,2081,52897,48811.74944,400754,0,0,Dv360
DE,DATAROMA_DE_109,DATAROMA_DE_1,DATAROMA_DE_MW_1,11/3/2024,de_kin_p11-12-vnp_mw_eu_other_brand_na_multiple_dir-nadr_1024_117402,10/15/2024,12/2/2024,4.875,307615,Kind,miscellaneous,miscellaneous,DATORAMA,DE_Balisto_mw_eur_Dv360_9,social,de_kin_p11-12-vnp_mw_eu_other_brand_na,kind,MW,na,brand,multiple,102024,109,DE_ESS_MARS_MW_Balisto_EUR,Compliant,PROGRAMMATIC,DV360,12,GERMANY,EUR,EU/CEABT,DACH,172374,36763,755929,1699,26066,24052.91531,442187,0,0,Dv360
DE,DATAROMA_DE_109,DATAROMA_DE_1,DATAROMA_DE_MW_1,11/16/2024,de_kin_p11-12-vnp_mw_eu_other_brand_na_multiple_dir-nadr_1024_117402,10/15/2024,12/2/2024,4.6,343644,Kind,miscellaneous,miscellaneous,DATORAMA,DE_Balisto_mw_eur_Dv360_9,social,de_kin_p11-12-vnp_mw_eu_other_brand_na,kind,MW,na,brand,multiple,102024,109,DE_ESS_MARS_MW_Balisto_EUR,Compliant,PROGRAMMATIC,DV360,12,GERMANY,EUR,EU/CEABT,DACH,224898,66443,841747,1626,34717,32035.79608,490894,0,0,Dv360
DE,DATAROMA_DE_109,DATAROMA_DE_1,DATAROMA_DE_MW_1,10/16/2024,de_kin_p11-12-vnp_mw_eu_other_brand_na_multiple_dir-nadr_1024_117402,10/15/2024,12/2/2024,6.083333333,369059,Kind,miscellaneous,miscellaneous,DATORAMA,DE_Balisto_mw_eur_Dv360_9,social,de_kin_p11-12-vnp_mw_eu_other_brand_na,kind,MW,na,brand,multiple,102024,109,DE_ESS_MARS_MW_Balisto_EUR,Compliant,PROGRAMMATIC,DV360,11,GERMANY,EUR,EU/CEABT,DACH,339050,32986,1095258,3015,52180,48150.12356,725727,0,0,Dv360
DE,DATAROMA_DE_109,DATAROMA_DE_1,DATAROMA_DE_MW_1,11/23/2024,de_kin_p11-12-vnp_mw_eu_other_brand_na_multiple_dir-nadr_1024_117402,10/15/2024,12/2/2024,9.285714286,84537,Kind,miscellaneous,miscellaneous,DATORAMA,DE_Balisto_mw_eur_Dv360_9,social,de_kin_p11-12-vnp_mw_eu_other_brand_na,kind,MW,na,brand,multiple,102024,109,DE_ESS_MARS_MW_Balisto_EUR,Compliant,PROGRAMMATIC,DV360,12,GERMANY,EUR,EU/CEABT,DACH,106464,9190,659461,1592,21064,19437.22121,341635,0,0,Dv360
DE,DATAROMA_DE_109,DATAROMA_DE_1,DATAROMA_DE_MW_1,10/15/2024,de_kin_p11-12-vnp_mw_eu_other_brand_na_multiple_dir-nadr_1024_117402,10/15/2024,12/2/2024,5.916666667,259297,Kind,miscellaneous,miscellaneous,DATORAMA,DE_Balisto_mw_eur_Dv360_9,social,de_kin_p11-12-vnp_mw_eu_other_brand_na,kind,MW,na,brand,multiple,102024,109,DE_ESS_MARS_MW_Balisto_EUR,Compliant,PROGRAMMATIC,DV360,11,GERMANY,EUR,EU/CEABT,DACH,355493,62770,930656,3780,56085,51753.53928,683558,2207606.492,2037112.406,Dv360
DE,DATAROMA_DE_109,DATAROMA_DE_1,DATAROMA_DE_MW_1,10/22/2024,de_kin_p11-12-vnp_mw_eu_other_brand_na_multiple_dir-nadr_1024_117402,10/15/2024,12/2/2024,7.5,238426,Kind,miscellaneous,miscellaneous,DATORAMA,DE_Balisto_mw_eur_Dv360_9,social,de_kin_p11-12-vnp_mw_eu_other_brand_na,kind,MW,na,brand,multiple,102024,109,DE_ESS_MARS_MW_Balisto_EUR,Compliant,PROGRAMMATIC,DV360,11,GERMANY,EUR,EU/CEABT,DACH,332026,34860,1081399,3934,55392,51114.05987,601864,0,0,Dv360
DE,DATAROMA_DE_109,DATAROMA_DE_1,DATAROMA_DE_MW_1,10/30/2024,de_kin_p11-12-vnp_mw_eu_other_brand_na_multiple_dir-nadr_1024_117402,10/15/2024,12/2/2024,6.777777778,121538,Kind,miscellaneous,miscellaneous,DATORAMA,DE_Balisto_mw_eur_Dv360_9,social,de_kin_p11-12-vnp_mw_eu_other_brand_na,kind,MW,na,brand,multiple,102024,109,DE_ESS_MARS_MW_Balisto_EUR,Compliant,PROGRAMMATIC,DV360,11,GERMANY,EUR,EU/CEABT,DACH,184422,21039,667034,1995,40935,37773.57815,329017,0,0,Dv360
DE,DATAROMA_DE_109,DATAROMA_DE_1,DATAROMA_DE_MW_1,12/1/2024,de_kin_p11-12-vnp_mw_eu_other_brand_na_multiple_dir-nadr_1024_117402,10/15/2024,12/2/2024,6.833333333,66801,Kind,miscellaneous,miscellaneous,DATORAMA,DE_Balisto_mw_eur_Dv360_9,social,de_kin_p11-12-vnp_mw_eu_other_brand_na,kind,MW,na,brand,multiple,102024,109,DE_ESS_MARS_MW_Balisto_EUR,Compliant,PROGRAMMATIC,DV360,13,GERMANY,EUR,EU/CEABT,DACH,35300,1743,496159,895,17757,16385.62177,145839,0,0,Dv360
DE,DATAROMA_DE_109,DATAROMA_DE_1,DATAROMA_DE_MW_1,11/28/2024,de_kin_p11-12-vnp_mw_eu_other_brand_na_multiple_dir-nadr_1024_117402,10/15/2024,12/2/2024,5.333333333,184607,Kind,miscellaneous,miscellaneous,DATORAMA,DE_Balisto_mw_eur_Dv360_9,social,de_kin_p11-12-vnp_mw_eu_other_brand_na,kind,MW,na,brand,multiple,102024,109,DE_ESS_MARS_MW_Balisto_EUR,Compliant,PROGRAMMATIC,DV360,12,GERMANY,EUR,EU/CEABT,DACH,142944,13141,501324,1449,22634,20885.96966,229140,0,0,Dv360
DE,DATAROMA_DE_109,DATAROMA_DE_1,DATAROMA_DE_MW_1,11/30/2024,de_kin_p11-12-vnp_mw_eu_other_brand_na_multiple_dir-nadr_1024_117402,10/15/2024,12/2/2024,7.25,192270,Kind,miscellaneous,miscellaneous,DATORAMA,DE_Balisto_mw_eur_Dv360_9,social,de_kin_p11-12-vnp_mw_eu_other_brand_na,kind,MW,na,brand,multiple,102024,109,DE_ESS_MARS_MW_Balisto_EUR,Compliant,PROGRAMMATIC,DV360,12,GERMANY,EUR,EU/CEABT,DACH,127905,7692,523695,1606,27288,25180.53989,216511,0,0,Dv360
DE,DATAROMA_DE_109,DATAROMA_DE_1,DATAROMA_DE_MW_1,11/20/2024,de_kin_p11-12-vnp_mw_eu_other_brand_na_multiple_dir-nadr_1024_117402,10/15/2024,12/2/2024,5.714285714,133091,Kind,miscellaneous,miscellaneous,DATORAMA,DE_Balisto_mw_eur_Dv360_9,social,de_kin_p11-12-vnp_mw_eu_other_brand_na,kind,MW,na,brand,multiple,102024,109,DE_ESS_MARS_MW_Balisto_EUR,Compliant,PROGRAMMATIC,DV360,12,GERMANY,EUR,EU/CEABT,DACH,89452,50570,489175,773,33516,30927.54966,260552,0,0,Dv360
DE,DATAROMA_DE_109,DATAROMA_DE_1,DATAROMA_DE_MW_1,10/31/2024,de_kin_p11-12-vnp_mw_eu_other_brand_na_multiple_dir-nadr_1024_117402,10/15/2024,12/2/2024,7,284537,Kind,miscellaneous,miscellaneous,DATORAMA,DE_Balisto_mw_eur_Dv360_9,social,de_kin_p11-12-vnp_mw_eu_other_brand_na,kind,MW,na,brand,multiple,102024,109,DE_ESS_MARS_MW_Balisto_EUR,Compliant,PROGRAMMATIC,DV360,11,GERMANY,EUR,EU/CEABT,DACH,410611,20592,1115264,3290,50817,46892.38844,602073,0,0,Dv360
DE,DATAROMA_DE_109,DATAROMA_DE_1,DATAROMA_DE_MW_1,11/7/2024,de_kin_p11-12-vnp_mw_eu_other_brand_na_multiple_dir-nadr_1024_117402,10/15/2024,12/2/2024,5,122187,Kind,miscellaneous,miscellaneous,DATORAMA,DE_Balisto_mw_eur_Dv360_9,social,de_kin_p11-12-vnp_mw_eu_other_brand_na,kind,MW,na,brand,multiple,102024,109,DE_ESS_MARS_MW_Balisto_EUR,Compliant,PROGRAMMATIC,DV360,12,GERMANY,EUR,EU/CEABT,DACH,222142,42032,472447,1553,31611,29169.67336,333480,0,0,Dv360
DE,DATAROMA_DE_109,DATAROMA_DE_1,DATAROMA_DE_MW_1,11/27/2024,de_kin_p11-12-vnp_mw_eu_other_brand_na_multiple_dir-nadr_1024_117402,10/15/2024,12/2/2024,7.6,123328,Kind,miscellaneous,miscellaneous,DATORAMA,DE_Balisto_mw_eur_Dv360_9,social,de_kin_p11-12-vnp_mw_eu_other_brand_na,kind,MW,na,brand,multiple,102024,109,DE_ESS_MARS_MW_Balisto_EUR,Compliant,PROGRAMMATIC,DV360,12,GERMANY,EUR,EU/CEABT,DACH,267029,16058,676679,1456,31772,29318.23928,417820,0,0,Dv360
DE,DATAROMA_DE_109,DATAROMA_DE_1,DATAROMA_DE_MW_1,10/21/2024,de_kin_p11-12-vnp_mw_eu_other_brand_na_multiple_dir-nadr_1024_117402,10/15/2024,12/2/2024,5.444444444,314040,Kind,miscellaneous,miscellaneous,DATORAMA,DE_Balisto_mw_eur_Dv360_9,social,de_kin_p11-12-vnp_mw_eu_other_brand_na,kind,MW,na,brand,multiple,102024,109,DE_ESS_MARS_MW_Balisto_EUR,Compliant,PROGRAMMATIC,DV360,11,GERMANY,EUR,EU/CEABT,DACH,235980,13714,695845,2327,33242,30674.71076,364705,0,0,Dv360
DE,DATAROMA_DE_109,DATAROMA_DE_1,DATAROMA_DE_MW_1,10/26/2024,de_kin_p11-12-vnp_mw_eu_other_brand_na_multiple_dir-nadr_1024_117402,10/15/2024,12/2/2024,7.25,92269,Kind,miscellaneous,miscellaneous,DATORAMA,DE_Balisto_mw_eur_Dv360_9,social,de_kin_p11-12-vnp_mw_eu_other_brand_na,kind,MW,na,brand,multiple,102024,109,DE_ESS_MARS_MW_Balisto_EUR,Compliant,PROGRAMMATIC,DV360,11,GERMANY,EUR,EU/CEABT,DACH,85676,5193,418617,833,29523,27242.9302,147687,0,0,Dv360
DE,DATAROMA_DE_109,DATAROMA_DE_1,DATAROMA_DE_MW_1,10/28/2024,de_kin_p11-12-vnp_mw_eu_other_brand_na_multiple_dir-nadr_1024_117402,10/15/2024,12/2/2024,8.333333333,69330,Kind,miscellaneous,miscellaneous,DATORAMA,DE_Balisto_mw_eur_Dv360_9,social,de_kin_p11-12-vnp_mw_eu_other_brand_na,kind,MW,na,brand,multiple,102024,109,DE_ESS_MARS_MW_Balisto_EUR,Compliant,PROGRAMMATIC,DV360,11,GERMANY,EUR,EU/CEABT,DACH,100584,20489,496902,791,19004,17536.3156,218342,0,0,Dv360
DE,DATAROMA_DE_109,DATAROMA_DE_1,DATAROMA_DE_MW_1,11/5/2024,de_kin_p11-12-vnp_mw_eu_other_brand_na_multiple_dir-nadr_1024_117402,10/15/2024,12/2/2024,5.8,193222,Kind,miscellaneous,miscellaneous,DATORAMA,DE_Balisto_mw_eur_Dv360_9,social,de_kin_p11-12-vnp_mw_eu_other_brand_na,kind,MW,na,brand,multiple,102024,109,DE_ESS_MARS_MW_Balisto_EUR,Compliant,PROGRAMMATIC,DV360,12,GERMANY,EUR,EU/CEABT,DACH,158110,5453,757972,2418,34940,32241.57373,377803,0,0,Dv360
DE,DATAROMA_DE_109,DATAROMA_DE_1,DATAROMA_DE_MW_1,10/23/2024,de_kin_p11-12-vnp_mw_eu_other_brand_na_multiple_dir-nadr_1024_117402,10/15/2024,12/2/2024,7.5,125658,Kind,miscellaneous,miscellaneous,DATORAMA,DE_Balisto_mw_eur_Dv360_9,social,de_kin_p11-12-vnp_mw_eu_other_brand_na,kind,MW,na,brand,multiple,102024,109,DE_ESS_MARS_MW_Balisto_EUR,Compliant,PROGRAMMATIC,DV360,11,GERMANY,EUR,EU/CEABT,DACH,208267,22926,789229,3340,33201,30636.8772,466321,0,0,Dv360
DE,DATAROMA_DE_109,DATAROMA_DE_1,DATAROMA_DE_MW_1,11/12/2024,de_kin_p11-12-vnp_mw_eu_other_brand_na_multiple_dir-nadr_1024_117402,10/15/2024,12/2/2024,7.5,313072,Kind,miscellaneous,miscellaneous,DATORAMA,DE_Balisto_mw_eur_Dv360_9,social,de_kin_p11-12-vnp_mw_eu_other_brand_na,kind,MW,na,brand,multiple,102024,109,DE_ESS_MARS_MW_Balisto_EUR,Compliant,PROGRAMMATIC,DV360,12,GERMANY,EUR,EU/CEABT,DACH,295442,33235,1165078,1504,55670,51370.58985,538885,0,0,Dv360
DE,DATAROMA_DE_109,DATAROMA_DE_1,DATAROMA_DE_MW_1,11/17/2024,de_kin_p11-12-vnp_mw_eu_other_brand_na_multiple_dir-nadr_1024_117402,10/15/2024,12/2/2024,6.777777778,147512,Kind,miscellaneous,miscellaneous,DATORAMA,DE_Balisto_mw_eur_Dv360_9,social,de_kin_p11-12-vnp_mw_eu_other_brand_na,kind,MW,na,brand,multiple,102024,109,DE_ESS_MARS_MW_Balisto_EUR,Compliant,PROGRAMMATIC,DV360,12,GERMANY,EUR,EU/CEABT,DACH,283515,26220,823286,2634,37638,34731.20641,424887,0,0,Dv360
DE,DATAROMA_DE_109,DATAROMA_DE_1,DATAROMA_DE_MW_1,11/25/2024,de_kin_p11-12-vnp_mw_eu_other_brand_na_multiple_dir-nadr_1024_117402,10/15/2024,12/2/2024,5.888888889,228991,Kind,miscellaneous,miscellaneous,DATORAMA,DE_Balisto_mw_eur_Dv360_9,social,de_kin_p11-12-vnp_mw_eu_other_brand_na,kind,MW,na,brand,multiple,102024,109,DE_ESS_MARS_MW_Balisto_EUR,Compliant,PROGRAMMATIC,DV360,12,GERMANY,EUR,EU/CEABT,DACH,198983,42365,788158,1738,39951,36865.57275,370687,0,0,Dv360
DE,DATAROMA_DE_109,DATAROMA_DE_1,DATAROMA_DE_MW_1,11/24/2024,de_kin_p11-12-vnp_mw_eu_other_brand_na_multiple_dir-nadr_1024_117402,10/15/2024,12/2/2024,8.266666667,245517,Kind,miscellaneous,miscellaneous,DATORAMA,DE_Balisto_mw_eur_Dv360_9,social,de_kin_p11-12-vnp_mw_eu_other_brand_na,kind,MW,na,brand,multiple,102024,109,DE_ESS_MARS_MW_Balisto_EUR,Compliant,PROGRAMMATIC,DV360,12,GERMANY,EUR,EU/CEABT,DACH,432973,28012,1728813,3945,63023,58155.71554,865391,0,0,Dv360
DE,DATAROMA_DE_109,DATAROMA_DE_1,DATAROMA_DE_MW_1,11/29/2024,de_kin_p11-12-vnp_mw_eu_other_brand_na_multiple_dir-nadr_1024_117402,10/15/2024,12/2/2024,7.538461538,264939,Kind,miscellaneous,miscellaneous,DATORAMA,DE_Balisto_mw_eur_Dv360_9,social,de_kin_p11-12-vnp_mw_eu_other_brand_na,kind,MW,na,brand,multiple,102024,109,DE_ESS_MARS_MW_Balisto_EUR,Compliant,PROGRAMMATIC,DV360,12,GERMANY,EUR,EU/CEABT,DACH,369590,74536,1290469,3993,49270,45464.8637,784680,0,0,Dv360
DE,DATAROMA_DE_109,DATAROMA_DE_1,DATAROMA_DE_MW_1,11/1/2024,de_kin_p11-12-vnp_mw_eu_other_brand_na_multiple_dir-nadr_1024_117402,10/15/2024,12/2/2024,3.857142857,209612,Kind,miscellaneous,miscellaneous,DATORAMA,DE_Balisto_mw_eur_Dv360_9,social,de_kin_p11-12-vnp_mw_eu_other_brand_na,kind,MW,na,brand,multiple,102024,109,DE_ESS_MARS_MW_Balisto_EUR,Compliant,PROGRAMMATIC,DV360,11,GERMANY,EUR,EU/CEABT,DACH,148271,5388,484559,2226,27805,25657.61184,380809,0,0,Dv360
DE,DATAROMA_DE_109,DATAROMA_DE_1,DATAROMA_DE_MW_1,11/19/2024,de_kin_p11-12-vnp_mw_eu_other_brand_na_multiple_dir-nadr_1024_117402,10/15/2024,12/2/2024,5.142857143,228652,Kind,miscellaneous,miscellaneous,DATORAMA,DE_Balisto_mw_eur_Dv360_9,social,de_kin_p11-12-vnp_mw_eu_other_brand_na,kind,MW,na,brand,multiple,102024,109,DE_ESS_MARS_MW_Balisto_EUR,Compliant,PROGRAMMATIC,DV360,12,GERMANY,EUR,EU/CEABT,DACH,82108,7593,600796,740,33544,30953.38721,241372,0,0,Dv360
DE,DATAROMA_DE_109,DATAROMA_DE_1,DATAROMA_DE_MW_1,11/4/2024,de_kin_p11-12-vnp_mw_eu_other_brand_na_multiple_dir-nadr_1024_117402,10/15/2024,12/2/2024,7.1875,286500,Kind,miscellaneous,miscellaneous,DATORAMA,DE_Balisto_mw_eur_Dv360_9,social,de_kin_p11-12-vnp_mw_eu_other_brand_na,kind,MW,na,brand,multiple,102024,109,DE_ESS_MARS_MW_Balisto_EUR,Compliant,PROGRAMMATIC,DV360,12,GERMANY,EUR,EU/CEABT,DACH,364383,33158,1623749,2615,52829,48749.0011,622528,0,0,Dv360
DE,DATAROMA_DE_109,DATAROMA_DE_1,DATAROMA_DE_MW_1,11/18/2024,de_kin_p11-12-vnp_mw_eu_other_brand_na_multiple_dir-nadr_1024_117402,10/15/2024,12/2/2024,7.3,214876,Kind,miscellaneous,miscellaneous,DATORAMA,DE_Balisto_mw_eur_Dv360_9,social,de_kin_p11-12-vnp_mw_eu_other_brand_na,kind,MW,na,brand,multiple,102024,109,DE_ESS_MARS_MW_Balisto_EUR,Compliant,PROGRAMMATIC,DV360,12,GERMANY,EUR,EU/CEABT,DACH,209931,57152,867497,1558,39048,36032.3117,435774,0,0,Dv360
DE,DATAROMA_DE_109,DATAROMA_DE_1,DATAROMA_DE_MW_1,10/18/2024,de_kin_p11-12-vnp_mw_eu_other_brand_na_multiple_dir-nadr_1024_117402,10/15/2024,12/2/2024,6.4,167810,Kind,miscellaneous,miscellaneous,DATORAMA,DE_Balisto_mw_eur_Dv360_9,social,de_kin_p11-12-vnp_mw_eu_other_brand_na,kind,MW,na,brand,multiple,102024,109,DE_ESS_MARS_MW_Balisto_EUR,Compliant,PROGRAMMATIC,DV360,11,GERMANY,EUR,EU/CEABT,DACH,120914,23314,738323,1360,35793,33028.69629,269244,0,0,Dv360
DE,DATAROMA_DE_109,DATAROMA_DE_1,DATAROMA_DE_MW_1,12/2/2024,de_kin_p11-12-vnp_mw_eu_other_brand_na_multiple_dir-nadr_1024_117402,10/15/2024,12/2/2024,7.25,170594,Kind,miscellaneous,miscellaneous,DATORAMA,DE_Balisto_mw_eur_Dv360_9,social,de_kin_p11-12-vnp_mw_eu_other_brand_na,kind,MW,na,brand,multiple,102024,109,DE_ESS_MARS_MW_Balisto_EUR,Compliant,PROGRAMMATIC,DV360,13,GERMANY,EUR,EU/CEABT,DACH,115643,24954,687305,1375,37625,34719.21041,283918,0,0,Dv360
DE,DATAROMA_DE_112,DATAROMA_DE_1,DATAROMA_DE_MW_1,2/24/2024,de_kin_p1-2-vnp_mw_eu_other_brand_olv_multiple_bid-dda_0124_114439,1/26/2024,3/8/2024,5.25,210379,Kind,miscellaneous,miscellaneous,DATORAMA,DE_Airwaves_mw_eur_Dv360_3,na,de_kin_p1-2-vnp_mw_eu_other_brand_olv,kind,MW,olv,brand,multiple,12024,112,DE_ESS_MARS_MW_Airwaves_EUR,Compliant,PROGRAMMATIC,DV360,2,GERMANY,EUR,EU/CEABT,DACH,136010,40334,766592,1170,37396,34507.89614,298096,0,0,Dv360
DE,DATAROMA_DE_112,DATAROMA_DE_1,DATAROMA_DE_MW_1,3/7/2024,de_kin_p1-2-vnp_mw_eu_other_brand_olv_multiple_bid-dda_0124_114439,1/26/2024,3/8/2024,6.611111111,296444,Kind,miscellaneous,miscellaneous,DATORAMA,DE_Airwaves_mw_eur_Dv360_3,na,de_kin_p1-2-vnp_mw_eu_other_brand_olv,kind,MW,olv,brand,multiple,12024,112,DE_ESS_MARS_MW_Airwaves_EUR,Compliant,PROGRAMMATIC,DV360,3,GERMANY,EUR,EU/CEABT,DACH,217286,17974,1317015,2257,80776,74537.64624,450195,0,0,Dv360
DE,DATAROMA_DE_112,DATAROMA_DE_1,DATAROMA_DE_MW_1,2/7/2024,de_kin_p1-2-vnp_mw_eu_other_brand_olv_multiple_bid-dda_0124_114439,1/26/2024,3/8/2024,7.666666667,307189,Kind,miscellaneous,miscellaneous,DATORAMA,DE_Airwaves_mw_eur_Dv360_3,na,de_kin_p1-2-vnp_mw_eu_other_brand_olv,kind,MW,olv,brand,multiple,12024,112,DE_ESS_MARS_MW_Airwaves_EUR,Compliant,PROGRAMMATIC,DV360,2,GERMANY,EUR,EU/CEABT,DACH,269980,33361,1068607,4225,41802,38573.61949,586242,0,0,Dv360
DE,DATAROMA_DE_112,DATAROMA_DE_1,DATAROMA_DE_MW_1,1/27/2024,de_kin_p1-2-vnp_mw_eu_other_brand_olv_multiple_bid-dda_0124_114439,1/26/2024,3/8/2024,8.357142857,230070,Kind,miscellaneous,miscellaneous,DATORAMA,DE_Airwaves_mw_eur_Dv360_3,na,de_kin_p1-2-vnp_mw_eu_other_brand_olv,kind,MW,olv,brand,multiple,12024,112,DE_ESS_MARS_MW_Airwaves_EUR,Compliant,PROGRAMMATIC,DV360,1,GERMANY,EUR,EU/CEABT,DACH,278164,36450,1391885,2446,54751,50522.56449,622732,0,0,Dv360
DE,DATAROMA_DE_112,DATAROMA_DE_1,DATAROMA_DE_MW_1,2/22/2024,de_kin_p1-2-vnp_mw_eu_other_brand_olv_multiple_bid-dda_0124_114439,1/26/2024,3/8/2024,8.214285714,196254,Kind,miscellaneous,miscellaneous,DATORAMA,DE_Airwaves_mw_eur_Dv360_3,na,de_kin_p1-2-vnp_mw_eu_other_brand_olv,kind,MW,olv,brand,multiple,12024,112,DE_ESS_MARS_MW_Airwaves_EUR,Compliant,PROGRAMMATIC,DV360,2,GERMANY,EUR,EU/CEABT,DACH,417171,53194,1365966,3149,55281,51011.63243,700275,0,0,Dv360
DE,DATAROMA_DE_112,DATAROMA_DE_1,DATAROMA_DE_MW_1,2/25/2024,de_kin_p1-2-vnp_mw_eu_other_brand_olv_multiple_bid-dda_0124_114439,1/26/2024,3/8/2024,6.333333333,243532,Kind,miscellaneous,miscellaneous,DATORAMA,DE_Airwaves_mw_eur_Dv360_3,na,de_kin_p1-2-vnp_mw_eu_other_brand_olv,kind,MW,olv,brand,multiple,12024,112,DE_ESS_MARS_MW_Airwaves_EUR,Compliant,PROGRAMMATIC,DV360,3,GERMANY,EUR,EU/CEABT,DACH,228488,9800,968713,1472,25242,23292.55306,307350,0,0,Dv360
DE,DATAROMA_DE_112,DATAROMA_DE_1,DATAROMA_DE_MW_1,2/9/2024,de_kin_p1-2-vnp_mw_eu_other_brand_olv_multiple_bid-dda_0124_114439,1/26/2024,3/8/2024,7.888888889,198217,Kind,miscellaneous,miscellaneous,DATORAMA,DE_Airwaves_mw_eur_Dv360_3,na,de_kin_p1-2-vnp_mw_eu_other_brand_olv,kind,MW,olv,brand,multiple,12024,112,DE_ESS_MARS_MW_Airwaves_EUR,Compliant,PROGRAMMATIC,DV360,2,GERMANY,EUR,EU/CEABT,DACH,303115,27139,996427,2101,39639,36577.6686,548702,0,0,Dv360
DE,DATAROMA_DE_112,DATAROMA_DE_1,DATAROMA_DE_MW_1,2/20/2024,de_kin_p1-2-vnp_mw_eu_other_brand_olv_multiple_bid-dda_0124_114439,1/26/2024,3/8/2024,6.428571429,265709,Kind,miscellaneous,miscellaneous,DATORAMA,DE_Airwaves_mw_eur_Dv360_3,na,de_kin_p1-2-vnp_mw_eu_other_brand_olv,kind,MW,olv,brand,multiple,12024,112,DE_ESS_MARS_MW_Airwaves_EUR,Compliant,PROGRAMMATIC,DV360,2,GERMANY,EUR,EU/CEABT,DACH,359586,37220,1249995,2931,55768,51461.02128,617716,0,0,Dv360
DE,DATAROMA_DE_112,DATAROMA_DE_1,DATAROMA_DE_MW_1,3/3/2024,de_kin_p1-2-vnp_mw_eu_other_brand_olv_multiple_bid-dda_0124_114439,1/26/2024,3/8/2024,6.785714286,189015,Kind,miscellaneous,miscellaneous,DATORAMA,DE_Airwaves_mw_eur_Dv360_3,na,de_kin_p1-2-vnp_mw_eu_other_brand_olv,kind,MW,olv,brand,multiple,12024,112,DE_ESS_MARS_MW_Airwaves_EUR,Compliant,PROGRAMMATIC,DV360,3,GERMANY,EUR,EU/CEABT,DACH,318442,57078,993156,3650,50676,46762.27791,610988,0,0,Dv360
DE,DATAROMA_DE_112,DATAROMA_DE_1,DATAROMA_DE_MW_1,2/23/2024,de_kin_p1-2-vnp_mw_eu_other_brand_olv_multiple_bid-dda_0124_114439,1/26/2024,3/8/2024,5.25,404347,Kind,miscellaneous,miscellaneous,DATORAMA,DE_Airwaves_mw_eur_Dv360_3,na,de_kin_p1-2-vnp_mw_eu_other_brand_olv,kind,MW,olv,brand,multiple,12024,112,DE_ESS_MARS_MW_Airwaves_EUR,Compliant,PROGRAMMATIC,DV360,2,GERMANY,EUR,EU/CEABT,DACH,205533,26072,820144,2383,30768,28391.77849,419050,0,0,Dv360
DE,DATAROMA_DE_112,DATAROMA_DE_1,DATAROMA_DE_MW_1,2/12/2024,de_kin_p1-2-vnp_mw_eu_other_brand_olv_multiple_bid-dda_0124_114439,1/26/2024,3/8/2024,6.428571429,188922,Kind,miscellaneous,miscellaneous,DATORAMA,DE_Airwaves_mw_eur_Dv360_3,na,de_kin_p1-2-vnp_mw_eu_other_brand_olv,kind,MW,olv,brand,multiple,12024,112,DE_ESS_MARS_MW_Airwaves_EUR,Compliant,PROGRAMMATIC,DV360,2,GERMANY,EUR,EU/CEABT,DACH,239025,8334,903080,1667,26329,24295.60374,385396,0,0,Dv360
DE,DATAROMA_DE_112,DATAROMA_DE_1,DATAROMA_DE_MW_1,2/28/2024,de_kin_p1-2-vnp_mw_eu_other_brand_olv_multiple_bid-dda_0124_114439,1/26/2024,3/8/2024,7.2,60689,Kind,miscellaneous,miscellaneous,DATORAMA,DE_Airwaves_mw_eur_Dv360_3,na,de_kin_p1-2-vnp_mw_eu_other_brand_olv,kind,MW,olv,brand,multiple,12024,112,DE_ESS_MARS_MW_Airwaves_EUR,Compliant,PROGRAMMATIC,DV360,3,GERMANY,EUR,EU/CEABT,DACH,112570,17642,334096,1182,15182,14009.48976,219901,0,0,Dv360
DE,DATAROMA_DE_112,DATAROMA_DE_1,DATAROMA_DE_MW_1,2/26/2024,de_kin_p1-2-vnp_mw_eu_other_brand_olv_multiple_bid-dda_0124_114439,1/26/2024,3/8/2024,6.166666667,292065,Kind,miscellaneous,miscellaneous,DATORAMA,DE_Airwaves_mw_eur_Dv360_3,na,de_kin_p1-2-vnp_mw_eu_other_brand_olv,kind,MW,olv,brand,multiple,12024,112,DE_ESS_MARS_MW_Airwaves_EUR,Compliant,PROGRAMMATIC,DV360,3,GERMANY,EUR,EU/CEABT,DACH,174688,9554,834929,2075,56663,52286.90018,339567,0,0,Dv360
DE,DATAROMA_DE_112,DATAROMA_DE_1,DATAROMA_DE_MW_1,3/1/2024,de_kin_p1-2-vnp_mw_eu_other_brand_olv_multiple_bid-dda_0124_114439,1/26/2024,3/8/2024,6.777777778,159529,Kind,miscellaneous,miscellaneous,DATORAMA,DE_Airwaves_mw_eur_Dv360_3,na,de_kin_p1-2-vnp_mw_eu_other_brand_olv,kind,MW,olv,brand,multiple,12024,112,DE_ESS_MARS_MW_Airwaves_EUR,Compliant,PROGRAMMATIC,DV360,3,GERMANY,EUR,EU/CEABT,DACH,154231,40329,824534,3064,28894,26662.50805,413090,0,0,Dv360
DE,DATAROMA_DE_112,DATAROMA_DE_1,DATAROMA_DE_MW_1,2/4/2024,de_kin_p1-2-vnp_mw_eu_other_brand_olv_multiple_bid-dda_0124_114439,1/26/2024,3/8/2024,6.7,349418,Kind,miscellaneous,miscellaneous,DATORAMA,DE_Airwaves_mw_eur_Dv360_3,na,de_kin_p1-2-vnp_mw_eu_other_brand_olv,kind,MW,olv,brand,multiple,12024,112,DE_ESS_MARS_MW_Airwaves_EUR,Compliant,PROGRAMMATIC,DV360,2,GERMANY,EUR,EU/CEABT,DACH,485400,108486,1258244,4217,32821,30286.22471,797187,0,0,Dv360
DE,DATAROMA_DE_112,DATAROMA_DE_1,DATAROMA_DE_MW_1,2/1/2024,de_kin_p1-2-vnp_mw_eu_other_brand_olv_multiple_bid-dda_0124_114439,1/26/2024,3/8/2024,5.5,155822,Kind,miscellaneous,miscellaneous,DATORAMA,DE_Airwaves_mw_eur_Dv360_3,na,de_kin_p1-2-vnp_mw_eu_other_brand_olv,kind,MW,olv,brand,multiple,12024,112,DE_ESS_MARS_MW_Airwaves_EUR,Compliant,PROGRAMMATIC,DV360,2,GERMANY,EUR,EU/CEABT,DACH,107449,4440,607314,559,13958,12880.01964,206229,0,0,Dv360
DE,DATAROMA_DE_112,DATAROMA_DE_1,DATAROMA_DE_MW_1,2/17/2024,de_kin_p1-2-vnp_mw_eu_other_brand_olv_multiple_bid-dda_0124_114439,1/26/2024,3/8/2024,6.583333333,368619,Kind,miscellaneous,miscellaneous,DATORAMA,DE_Airwaves_mw_eur_Dv360_3,na,de_kin_p1-2-vnp_mw_eu_other_brand_olv,kind,MW,olv,brand,multiple,12024,112,DE_ESS_MARS_MW_Airwaves_EUR,Compliant,PROGRAMMATIC,DV360,2,GERMANY,EUR,EU/CEABT,DACH,332402,21152,1195974,3129,50988,47050.18206,542272,0,0,Dv360
DE,DATAROMA_DE_112,DATAROMA_DE_1,DATAROMA_DE_MW_1,1/28/2024,de_kin_p1-2-vnp_mw_eu_other_brand_olv_multiple_bid-dda_0124_114439,1/26/2024,3/8/2024,5.875,468007,Kind,miscellaneous,miscellaneous,DATORAMA,DE_Airwaves_mw_eur_Dv360_3,na,de_kin_p1-2-vnp_mw_eu_other_brand_olv,kind,MW,olv,brand,multiple,12024,112,DE_ESS_MARS_MW_Airwaves_EUR,Compliant,PROGRAMMATIC,DV360,2,GERMANY,EUR,EU/CEABT,DACH,142605,14917,793960,1105,34327,31675.9159,326201,0,0,Dv360
DE,DATAROMA_DE_112,DATAROMA_DE_1,DATAROMA_DE_MW_1,3/8/2024,de_kin_p1-2-vnp_mw_eu_other_brand_olv_multiple_bid-dda_0124_114439,1/26/2024,3/8/2024,6.090909091,217898,Kind,miscellaneous,miscellaneous,DATORAMA,DE_Airwaves_mw_eur_Dv360_3,na,de_kin_p1-2-vnp_mw_eu_other_brand_olv,kind,MW,olv,brand,multiple,12024,112,DE_ESS_MARS_MW_Airwaves_EUR,Compliant,PROGRAMMATIC,DV360,3,GERMANY,EUR,EU/CEABT,DACH,336064,20065,966500,3641,49915,46060.05016,525458,0,0,Dv360
DE,DATAROMA_DE_112,DATAROMA_DE_1,DATAROMA_DE_MW_1,3/4/2024,de_kin_p1-2-vnp_mw_eu_other_brand_olv_multiple_bid-dda_0124_114439,1/26/2024,3/8/2024,7.5,239086,Kind,miscellaneous,miscellaneous,DATORAMA,DE_Airwaves_mw_eur_Dv360_3,na,de_kin_p1-2-vnp_mw_eu_other_brand_olv,kind,MW,olv,brand,multiple,12024,112,DE_ESS_MARS_MW_Airwaves_EUR,Compliant,PROGRAMMATIC,DV360,3,GERMANY,EUR,EU/CEABT,DACH,445807,51703,1192230,2560,43842,40456.0697,654528,0,0,Dv360
DE,DATAROMA_DE_112,DATAROMA_DE_1,DATAROMA_DE_MW_1,2/27/2024,de_kin_p1-2-vnp_mw_eu_other_brand_olv_multiple_bid-dda_0124_114439,1/26/2024,3/8/2024,7.375,410195,Kind,miscellaneous,miscellaneous,DATORAMA,DE_Airwaves_mw_eur_Dv360_3,na,de_kin_p1-2-vnp_mw_eu_other_brand_olv,kind,MW,olv,brand,multiple,12024,112,DE_ESS_MARS_MW_Airwaves_EUR,Compliant,PROGRAMMATIC,DV360,3,GERMANY,EUR,EU/CEABT,DACH,400418,43194,1362695,3143,56156,51819.05593,748186,0,0,Dv360
DE,DATAROMA_DE_112,DATAROMA_DE_1,DATAROMA_DE_MW_1,2/29/2024,de_kin_p1-2-vnp_mw_eu_other_brand_olv_multiple_bid-dda_0124_114439,1/26/2024,3/8/2024,5.076923077,365662,Kind,miscellaneous,miscellaneous,DATORAMA,DE_Airwaves_mw_eur_Dv360_3,na,de_kin_p1-2-vnp_mw_eu_other_brand_olv,kind,MW,olv,brand,multiple,12024,112,DE_ESS_MARS_MW_Airwaves_EUR,Compliant,PROGRAMMATIC,DV360,3,GERMANY,EUR,EU/CEABT,DACH,183136,63303,1162787,2584,43379,40028.82732,451628,0,0,Dv360
DE,DATAROMA_DE_112,DATAROMA_DE_1,DATAROMA_DE_MW_1,3/6/2024,de_kin_p1-2-vnp_mw_eu_other_brand_olv_multiple_bid-dda_0124_114439,1/26/2024,3/8/2024,6.25,363669,Kind,miscellaneous,miscellaneous,DATORAMA,DE_Airwaves_mw_eur_Dv360_3,na,de_kin_p1-2-vnp_mw_eu_other_brand_olv,kind,MW,olv,brand,multiple,12024,112,DE_ESS_MARS_MW_Airwaves_EUR,Compliant,PROGRAMMATIC,DV360,3,GERMANY,EUR,EU/CEABT,DACH,333508,58685,904413,2952,45707,42177.03521,546818,0,0,Dv360
DE,DATAROMA_DE_112,DATAROMA_DE_1,DATAROMA_DE_MW_1,2/6/2024,de_kin_p1-2-vnp_mw_eu_other_brand_olv_multiple_bid-dda_0124_114439,1/26/2024,3/8/2024,6.375,197507,Kind,miscellaneous,miscellaneous,DATORAMA,DE_Airwaves_mw_eur_Dv360_3,na,de_kin_p1-2-vnp_mw_eu_other_brand_olv,kind,MW,olv,brand,multiple,12024,112,DE_ESS_MARS_MW_Airwaves_EUR,Compliant,PROGRAMMATIC,DV360,2,GERMANY,EUR,EU/CEABT,DACH,282623,16064,736622,1245,25694,23709.64497,381789,0,0,Dv360
DE,DATAROMA_DE_112,DATAROMA_DE_1,DATAROMA_DE_MW_1,2/10/2024,de_kin_p1-2-vnp_mw_eu_other_brand_olv_multiple_bid-dda_0124_114439,1/26/2024,3/8/2024,6.75,159068,Kind,miscellaneous,miscellaneous,DATORAMA,DE_Airwaves_mw_eur_Dv360_3,na,de_kin_p1-2-vnp_mw_eu_other_brand_olv,kind,MW,olv,brand,multiple,12024,112,DE_ESS_MARS_MW_Airwaves_EUR,Compliant,PROGRAMMATIC,DV360,2,GERMANY,EUR,EU/CEABT,DACH,144970,16578,762516,1800,36786,33945.00662,290067,0,0,Dv360
DE,DATAROMA_DE_112,DATAROMA_DE_1,DATAROMA_DE_MW_1,2/18/2024,de_kin_p1-2-vnp_mw_eu_other_brand_olv_multiple_bid-dda_0124_114439,1/26/2024,3/8/2024,6.75,143568,Kind,miscellaneous,miscellaneous,DATORAMA,DE_Airwaves_mw_eur_Dv360_3,na,de_kin_p1-2-vnp_mw_eu_other_brand_olv,kind,MW,olv,brand,multiple,12024,112,DE_ESS_MARS_MW_Airwaves_EUR,Compliant,PROGRAMMATIC,DV360,2,GERMANY,EUR,EU/CEABT,DACH,197945,26837,851701,2085,32606,30087.82922,350922,0,0,Dv360
DE,DATAROMA_DE_112,DATAROMA_DE_1,DATAROMA_DE_MW_1,1/31/2024,de_kin_p1-2-vnp_mw_eu_other_brand_olv_multiple_bid-dda_0124_114439,1/26/2024,3/8/2024,6.692307692,199051,Kind,miscellaneous,miscellaneous,DATORAMA,DE_Airwaves_mw_eur_Dv360_3,na,de_kin_p1-2-vnp_mw_eu_other_brand_olv,kind,MW,olv,brand,multiple,12024,112,DE_ESS_MARS_MW_Airwaves_EUR,Compliant,PROGRAMMATIC,DV360,2,GERMANY,EUR,EU/CEABT,DACH,273929,35527,1054133,4398,52649,48582.90255,540236,0,0,Dv360
DE,DATAROMA_DE_112,DATAROMA_DE_1,DATAROMA_DE_MW_1,2/11/2024,de_kin_p1-2-vnp_mw_eu_other_brand_olv_multiple_bid-dda_0124_114439,1/26/2024,3/8/2024,5.222222222,320654,Kind,miscellaneous,miscellaneous,DATORAMA,DE_Airwaves_mw_eur_Dv360_3,na,de_kin_p1-2-vnp_mw_eu_other_brand_olv,kind,MW,olv,brand,multiple,12024,112,DE_ESS_MARS_MW_Airwaves_EUR,Compliant,PROGRAMMATIC,DV360,2,GERMANY,EUR,EU/CEABT,DACH,342274,16991,853492,1823,23497,21682.31992,453719,0,0,Dv360
DE,DATAROMA_DE_115,DATAROMA_DE_1,DATAROMA_DE_MW_1,9/10/2024,de_kin_p10-11-vnp_mw_eu_other_brand_na_reach_bid-nadr_0924_118224,9/8/2024,10/18/2024,5.181818182,279217,Kind,miscellaneous,miscellaneous,DATORAMA,DE_Airwaves_mw_eur_Dv360_6,social,de_kin_p10-11-vnp_mw_eu_other_brand_na,kind,MW,na,brand,reach,92024,115,DE_ESS_MARS_MW_Airwaves_EUR,Compliant,PROGRAMMATIC,DV360,10,GERMANY,EUR,EU/CEABT,DACH,221638,11251,727960,2072,34198,31556.8786,403696,0,0,Dv360
DE,DATAROMA_DE_115,DATAROMA_DE_1,DATAROMA_DE_MW_1,9/8/2024,de_kin_p10-11-vnp_mw_eu_other_brand_na_reach_bid-nadr_0924_118224,9/8/2024,10/18/2024,6.928571429,398363,Kind,miscellaneous,miscellaneous,DATORAMA,DE_Airwaves_mw_eur_Dv360_6,social,de_kin_p10-11-vnp_mw_eu_other_brand_na,kind,MW,na,brand,reach,92024,115,DE_ESS_MARS_MW_Airwaves_EUR,Compliant,PROGRAMMATIC,DV360,10,GERMANY,EUR,EU/CEABT,DACH,363352,79473,1363593,4354,57577,53130.31169,806084,2282188.435,2105934.364,Dv360
DE,DATAROMA_DE_115,DATAROMA_DE_1,DATAROMA_DE_MW_1,9/28/2024,de_kin_p10-11-vnp_mw_eu_other_brand_na_reach_bid-nadr_0924_118224,9/8/2024,10/18/2024,4.416666667,395259,Kind,miscellaneous,miscellaneous,DATORAMA,DE_Airwaves_mw_eur_Dv360_6,social,de_kin_p10-11-vnp_mw_eu_other_brand_na,kind,MW,na,brand,reach,92024,115,DE_ESS_MARS_MW_Airwaves_EUR,Compliant,PROGRAMMATIC,DV360,10,GERMANY,EUR,EU/CEABT,DACH,232540,31268,1099636,2627,47223,43575.9541,520413,0,0,Dv360
DE,DATAROMA_DE_115,DATAROMA_DE_1,DATAROMA_DE_MW_1,9/26/2024,de_kin_p10-11-vnp_mw_eu_other_brand_na_reach_bid-nadr_0924_118224,9/8/2024,10/18/2024,6.727272727,167000,Kind,miscellaneous,miscellaneous,DATORAMA,DE_Airwaves_mw_eur_Dv360_6,social,de_kin_p10-11-vnp_mw_eu_other_brand_na,kind,MW,na,brand,reach,92024,115,DE_ESS_MARS_MW_Airwaves_EUR,Compliant,PROGRAMMATIC,DV360,10,GERMANY,EUR,EU/CEABT,DACH,145563,14397,712118,2878,46873,43252.9847,396652,0,0,Dv360
DE,DATAROMA_DE_115,DATAROMA_DE_1,DATAROMA_DE_MW_1,9/17/2024,de_kin_p10-11-vnp_mw_eu_other_brand_na_reach_bid-nadr_0924_118224,9/8/2024,10/18/2024,7.461538462,147695,Kind,miscellaneous,miscellaneous,DATORAMA,DE_Airwaves_mw_eur_Dv360_6,social,de_kin_p10-11-vnp_mw_eu_other_brand_na,kind,MW,na,brand,reach,92024,115,DE_ESS_MARS_MW_Airwaves_EUR,Compliant,PROGRAMMATIC,DV360,10,GERMANY,EUR,EU/CEABT,DACH,331410,57282,1058007,2931,50067,46200.31116,575776,0,0,Dv360
DE,DATAROMA_DE_115,DATAROMA_DE_1,DATAROMA_DE_MW_1,10/17/2024,de_kin_p10-11-vnp_mw_eu_other_brand_na_reach_bid-nadr_0924_118224,9/8/2024,10/18/2024,6.230769231,218508,Kind,miscellaneous,miscellaneous,DATORAMA,DE_Airwaves_mw_eur_Dv360_6,social,de_kin_p10-11-vnp_mw_eu_other_brand_na,kind,MW,na,brand,reach,92024,115,DE_ESS_MARS_MW_Airwaves_EUR,Compliant,PROGRAMMATIC,DV360,11,GERMANY,EUR,EU/CEABT,DACH,142431,13744,1035546,1608,59233,54658.41834,360765,0,0,Dv360
DE,DATAROMA_DE_115,DATAROMA_DE_1,DATAROMA_DE_MW_1,10/4/2024,de_kin_p10-11-vnp_mw_eu_other_brand_na_reach_bid-nadr_0924_118224,9/8/2024,10/18/2024,6.375,130557,Kind,miscellaneous,miscellaneous,DATORAMA,DE_Airwaves_mw_eur_Dv360_6,social,de_kin_p10-11-vnp_mw_eu_other_brand_na,kind,MW,na,brand,reach,92024,115,DE_ESS_MARS_MW_Airwaves_EUR,Compliant,PROGRAMMATIC,DV360,10,GERMANY,EUR,EU/CEABT,DACH,116792,13870,683432,1436,30823,28442.53083,232132,0,0,Dv360
DE,DATAROMA_DE_115,DATAROMA_DE_1,DATAROMA_DE_MW_1,9/9/2024,de_kin_p10-11-vnp_mw_eu_other_brand_na_reach_bid-nadr_0924_118224,9/8/2024,10/18/2024,7.6,133276,Kind,miscellaneous,miscellaneous,DATORAMA,DE_Airwaves_mw_eur_Dv360_6,social,de_kin_p10-11-vnp_mw_eu_other_brand_na,kind,MW,na,brand,reach,92024,115,DE_ESS_MARS_MW_Airwaves_EUR,Compliant,PROGRAMMATIC,DV360,10,GERMANY,EUR,EU/CEABT,DACH,267286,10122,878644,2726,43592,40225.37728,449072,0,0,Dv360
DE,DATAROMA_DE_115,DATAROMA_DE_1,DATAROMA_DE_MW_1,10/13/2024,de_kin_p10-11-vnp_mw_eu_other_brand_na_reach_bid-nadr_0924_118224,9/8/2024,10/18/2024,6.75,101521,Kind,miscellaneous,miscellaneous,DATORAMA,DE_Airwaves_mw_eur_Dv360_6,social,de_kin_p10-11-vnp_mw_eu_other_brand_na,kind,MW,na,brand,reach,92024,115,DE_ESS_MARS_MW_Airwaves_EUR,Compliant,PROGRAMMATIC,DV360,11,GERMANY,EUR,EU/CEABT,DACH,204129,8727,550801,1164,32453,29946.64546,324457,0,0,Dv360
DE,DATAROMA_DE_115,DATAROMA_DE_1,DATAROMA_DE_MW_1,9/20/2024,de_kin_p10-11-vnp_mw_eu_other_brand_na_reach_bid-nadr_0924_118224,9/8/2024,10/18/2024,6.090909091,252783,Kind,miscellaneous,miscellaneous,DATORAMA,DE_Airwaves_mw_eur_Dv360_6,social,de_kin_p10-11-vnp_mw_eu_other_brand_na,kind,MW,na,brand,reach,92024,115,DE_ESS_MARS_MW_Airwaves_EUR,Compliant,PROGRAMMATIC,DV360,10,GERMANY,EUR,EU/CEABT,DACH,211176,24242,943922,1261,38731,35739.7937,465109,0,0,Dv360
DE,DATAROMA_DE_115,DATAROMA_DE_1,DATAROMA_DE_MW_1,9/18/2024,de_kin_p10-11-vnp_mw_eu_other_brand_na_reach_bid-nadr_0924_118224,9/8/2024,10/18/2024,7.153846154,187646,Kind,miscellaneous,miscellaneous,DATORAMA,DE_Airwaves_mw_eur_Dv360_6,social,de_kin_p10-11-vnp_mw_eu_other_brand_na,kind,MW,na,brand,reach,92024,115,DE_ESS_MARS_MW_Airwaves_EUR,Compliant,PROGRAMMATIC,DV360,10,GERMANY,EUR,EU/CEABT,DACH,243606,24660,984015,2590,52232,48198.10758,436011,0,0,Dv360
DE,DATAROMA_DE_115,DATAROMA_DE_1,DATAROMA_DE_MW_1,10/18/2024,de_kin_p10-11-vnp_mw_eu_other_brand_na_reach_bid-nadr_0924_118224,9/8/2024,10/18/2024,7.266666667,253255,Kind,miscellaneous,miscellaneous,DATORAMA,DE_Airwaves_mw_eur_Dv360_6,social,de_kin_p10-11-vnp_mw_eu_other_brand_na,kind,MW,na,brand,reach,92024,115,DE_ESS_MARS_MW_Airwaves_EUR,Compliant,PROGRAMMATIC,DV360,11,GERMANY,EUR,EU/CEABT,DACH,203386,10809,1014049,3031,61877,57098.22146,454651,0,0,Dv360
DE,DATAROMA_DE_115,DATAROMA_DE_1,DATAROMA_DE_MW_1,9/30/2024,de_kin_p10-11-vnp_mw_eu_other_brand_na_reach_bid-nadr_0924_118224,9/8/2024,10/18/2024,4.866666667,269691,Kind,miscellaneous,miscellaneous,DATORAMA,DE_Airwaves_mw_eur_Dv360_6,social,de_kin_p10-11-vnp_mw_eu_other_brand_na,kind,MW,na,brand,reach,92024,115,DE_ESS_MARS_MW_Airwaves_EUR,Compliant,PROGRAMMATIC,DV360,10,GERMANY,EUR,EU/CEABT,DACH,336622,24505,1125145,4524,52456,48404.808,780274,0,0,Dv360
DE,DATAROMA_DE_115,DATAROMA_DE_1,DATAROMA_DE_MW_1,9/23/2024,de_kin_p10-11-vnp_mw_eu_other_brand_na_reach_bid-nadr_0924_118224,9/8/2024,10/18/2024,7.4,148983,Kind,miscellaneous,miscellaneous,DATORAMA,DE_Airwaves_mw_eur_Dv360_6,social,de_kin_p10-11-vnp_mw_eu_other_brand_na,kind,MW,na,brand,reach,92024,115,DE_ESS_MARS_MW_Airwaves_EUR,Compliant,PROGRAMMATIC,DV360,10,GERMANY,EUR,EU/CEABT,DACH,322892,15063,980874,3646,36802,33959.77093,667668,0,0,Dv360
DE,DATAROMA_DE_115,DATAROMA_DE_1,DATAROMA_DE_MW_1,10/5/2024,de_kin_p10-11-vnp_mw_eu_other_brand_na_reach_bid-nadr_0924_118224,9/8/2024,10/18/2024,7.888888889,128415,Kind,miscellaneous,miscellaneous,DATORAMA,DE_Airwaves_mw_eur_Dv360_6,social,de_kin_p10-11-vnp_mw_eu_other_brand_na,kind,MW,na,brand,reach,92024,115,DE_ESS_MARS_MW_Airwaves_EUR,Compliant,PROGRAMMATIC,DV360,10,GERMANY,EUR,EU/CEABT,DACH,141520,11525,804516,1755,40376,37257.74988,312499,0,0,Dv360
DE,DATAROMA_DE_115,DATAROMA_DE_1,DATAROMA_DE_MW_1,9/19/2024,de_kin_p10-11-vnp_mw_eu_other_brand_na_reach_bid-nadr_0924_118224,9/8/2024,10/18/2024,6.833333333,187785,Kind,miscellaneous,miscellaneous,DATORAMA,DE_Airwaves_mw_eur_Dv360_6,social,de_kin_p10-11-vnp_mw_eu_other_brand_na,kind,MW,na,brand,reach,92024,115,DE_ESS_MARS_MW_Airwaves_EUR,Compliant,PROGRAMMATIC,DV360,10,GERMANY,EUR,EU/CEABT,DACH,162846,23624,665905,2059,23256,21459.93242,343954,0,0,Dv360
DE,DATAROMA_DE_115,DATAROMA_DE_1,DATAROMA_DE_MW_1,10/7/2024,de_kin_p10-11-vnp_mw_eu_other_brand_na_reach_bid-nadr_0924_118224,9/8/2024,10/18/2024,7.7,244711,Kind,miscellaneous,miscellaneous,DATORAMA,DE_Airwaves_mw_eur_Dv360_6,social,de_kin_p10-11-vnp_mw_eu_other_brand_na,kind,MW,na,brand,reach,92024,115,DE_ESS_MARS_MW_Airwaves_EUR,Compliant,PROGRAMMATIC,DV360,11,GERMANY,EUR,EU/CEABT,DACH,176776,9924,865406,2296,54324,50128.54182,306722,0,0,Dv360
DE,DATAROMA_DE_115,DATAROMA_DE_1,DATAROMA_DE_MW_1,9/12/2024,de_kin_p10-11-vnp_mw_eu_other_brand_na_reach_bid-nadr_0924_118224,9/8/2024,10/18/2024,5.3,234074,Kind,miscellaneous,miscellaneous,DATORAMA,DE_Airwaves_mw_eur_Dv360_6,social,de_kin_p10-11-vnp_mw_eu_other_brand_na,kind,MW,na,brand,reach,92024,115,DE_ESS_MARS_MW_Airwaves_EUR,Compliant,PROGRAMMATIC,DV360,10,GERMANY,EUR,EU/CEABT,DACH,126777,10024,706997,1099,53027,48931.70951,331337,0,0,Dv360
DE,DATAROMA_DE_115,DATAROMA_DE_1,DATAROMA_DE_MW_1,9/14/2024,de_kin_p10-11-vnp_mw_eu_other_brand_na_reach_bid-nadr_0924_118224,9/8/2024,10/18/2024,8.714285714,76195,Kind,miscellaneous,miscellaneous,DATORAMA,DE_Airwaves_mw_eur_Dv360_6,social,de_kin_p10-11-vnp_mw_eu_other_brand_na,kind,MW,na,brand,reach,92024,115,DE_ESS_MARS_MW_Airwaves_EUR,Compliant,PROGRAMMATIC,DV360,10,GERMANY,EUR,EU/CEABT,DACH,155081,26582,525093,1327,22865,21099.12946,273175,0,0,Dv360
DE,DATAROMA_DE_115,DATAROMA_DE_1,DATAROMA_DE_MW_1,9/29/2024,de_kin_p10-11-vnp_mw_eu_other_brand_na_reach_bid-nadr_0924_118224,9/8/2024,10/18/2024,5.75,131406,Kind,miscellaneous,miscellaneous,DATORAMA,DE_Airwaves_mw_eur_Dv360_6,social,de_kin_p10-11-vnp_mw_eu_other_brand_na,kind,MW,na,brand,reach,92024,115,DE_ESS_MARS_MW_Airwaves_EUR,Compliant,PROGRAMMATIC,DV360,10,GERMANY,EUR,EU/CEABT,DACH,148313,29012,694890,1199,37097,34231.988,201880,0,0,Dv360
DE,DATAROMA_DE_115,DATAROMA_DE_1,DATAROMA_DE_MW_1,10/8/2024,de_kin_p10-11-vnp_mw_eu_other_brand_na_reach_bid-nadr_0924_118224,9/8/2024,10/18/2024,6.363636364,280306,Kind,miscellaneous,miscellaneous,DATORAMA,DE_Airwaves_mw_eur_Dv360_6,social,de_kin_p10-11-vnp_mw_eu_other_brand_na,kind,MW,na,brand,reach,92024,115,DE_ESS_MARS_MW_Airwaves_EUR,Compliant,PROGRAMMATIC,DV360,11,GERMANY,EUR,EU/CEABT,DACH,86299,14822,746355,1245,46808,43193.00467,265293,0,0,Dv360
DE,DATAROMA_DE_115,DATAROMA_DE_1,DATAROMA_DE_MW_1,10/1/2024,de_kin_p10-11-vnp_mw_eu_other_brand_na_reach_bid-nadr_0924_118224,9/8/2024,10/18/2024,6.8,105422,Kind,miscellaneous,miscellaneous,DATORAMA,DE_Airwaves_mw_eur_Dv360_6,social,de_kin_p10-11-vnp_mw_eu_other_brand_na,kind,MW,na,brand,reach,92024,115,DE_ESS_MARS_MW_Airwaves_EUR,Compliant,PROGRAMMATIC,DV360,10,GERMANY,EUR,EU/CEABT,DACH,149093,27361,615209,2829,36326,33520.53255,420142,0,0,Dv360
DE,DATAROMA_DE_115,DATAROMA_DE_1,DATAROMA_DE_MW_1,9/13/2024,de_kin_p10-11-vnp_mw_eu_other_brand_na_reach_bid-nadr_0924_118224,9/8/2024,10/18/2024,6.777777778,214958,Kind,miscellaneous,miscellaneous,DATORAMA,DE_Airwaves_mw_eur_Dv360_6,social,de_kin_p10-11-vnp_mw_eu_other_brand_na,kind,MW,na,brand,reach,92024,115,DE_ESS_MARS_MW_Airwaves_EUR,Compliant,PROGRAMMATIC,DV360,10,GERMANY,EUR,EU/CEABT,DACH,369532,25433,697877,2173,32541,30027.84919,499149,0,0,Dv360
DE,DATAROMA_DE_115,DATAROMA_DE_1,DATAROMA_DE_MW_1,10/11/2024,de_kin_p10-11-vnp_mw_eu_other_brand_na_reach_bid-nadr_0924_118224,9/8/2024,10/18/2024,7.428571429,112670,Kind,miscellaneous,miscellaneous,DATORAMA,DE_Airwaves_mw_eur_Dv360_6,social,de_kin_p10-11-vnp_mw_eu_other_brand_na,kind,MW,na,brand,reach,92024,115,DE_ESS_MARS_MW_Airwaves_EUR,Compliant,PROGRAMMATIC,DV360,11,GERMANY,EUR,EU/CEABT,DACH,179673,11161,788335,1584,19709,18186.86825,392967,0,0,Dv360
DE,DATAROMA_DE_115,DATAROMA_DE_1,DATAROMA_DE_MW_1,9/22/2024,de_kin_p10-11-vnp_mw_eu_other_brand_na_reach_bid-nadr_0924_118224,9/8/2024,10/18/2024,7.454545455,171848,Kind,miscellaneous,miscellaneous,DATORAMA,DE_Airwaves_mw_eur_Dv360_6,social,de_kin_p10-11-vnp_mw_eu_other_brand_na,kind,MW,na,brand,reach,92024,115,DE_ESS_MARS_MW_Airwaves_EUR,Compliant,PROGRAMMATIC,DV360,10,GERMANY,EUR,EU/CEABT,DACH,300510,25914,823326,3021,38883,35880.0547,483092,0,0,Dv360
DE,DATAROMA_DE_115,DATAROMA_DE_1,DATAROMA_DE_MW_1,9/15/2024,de_kin_p10-11-vnp_mw_eu_other_brand_na_reach_bid-nadr_0924_118224,9/8/2024,10/18/2024,5.25,448546,Kind,miscellaneous,miscellaneous,DATORAMA,DE_Airwaves_mw_eur_Dv360_6,social,de_kin_p10-11-vnp_mw_eu_other_brand_na,kind,MW,na,brand,reach,92024,115,DE_ESS_MARS_MW_Airwaves_EUR,Compliant,PROGRAMMATIC,DV360,10,GERMANY,EUR,EU/CEABT,DACH,117266,11953,1253886,2586,34195,31554.11029,454767,0,0,Dv360
DE,DATAROMA_DE_115,DATAROMA_DE_1,DATAROMA_DE_MW_1,9/25/2024,de_kin_p10-11-vnp_mw_eu_other_brand_na_reach_bid-nadr_0924_118224,9/8/2024,10/18/2024,6.428571429,269536,Kind,miscellaneous,miscellaneous,DATORAMA,DE_Airwaves_mw_eur_Dv360_6,social,de_kin_p10-11-vnp_mw_eu_other_brand_na,kind,MW,na,brand,reach,92024,115,DE_ESS_MARS_MW_Airwaves_EUR,Compliant,PROGRAMMATIC,DV360,10,GERMANY,EUR,EU/CEABT,DACH,254128,51545,1221716,3451,65495,60436.80227,574555,0,0,Dv360
DE,DATAROMA_DE_115,DATAROMA_DE_1,DATAROMA_DE_MW_1,10/12/2024,de_kin_p10-11-vnp_mw_eu_other_brand_na_reach_bid-nadr_0924_118224,9/8/2024,10/18/2024,7.8,136090,Kind,miscellaneous,miscellaneous,DATORAMA,DE_Airwaves_mw_eur_Dv360_6,social,de_kin_p10-11-vnp_mw_eu_other_brand_na,kind,MW,na,brand,reach,92024,115,DE_ESS_MARS_MW_Airwaves_EUR,Compliant,PROGRAMMATIC,DV360,11,GERMANY,EUR,EU/CEABT,DACH,187266,19537,960877,1515,36755,33916.40075,339376,0,0,Dv360
DE,DATAROMA_DE_115,DATAROMA_DE_1,DATAROMA_DE_MW_1,10/16/2024,de_kin_p10-11-vnp_mw_eu_other_brand_na_reach_bid-nadr_0924_118224,9/8/2024,10/18/2024,4.571428571,229466,Kind,miscellaneous,miscellaneous,DATORAMA,DE_Airwaves_mw_eur_Dv360_6,social,de_kin_p10-11-vnp_mw_eu_other_brand_na,kind,MW,na,brand,reach,92024,115,DE_ESS_MARS_MW_Airwaves_EUR,Compliant,PROGRAMMATIC,DV360,11,GERMANY,EUR,EU/CEABT,DACH,264521,20579,793245,1529,29811,27508.68788,354172,0,0,Dv360
DE,DATAROMA_DE_115,DATAROMA_DE_1,DATAROMA_DE_MW_1,10/6/2024,de_kin_p10-11-vnp_mw_eu_other_brand_na_reach_bid-nadr_0924_118224,9/8/2024,10/18/2024,8,87534,Kind,miscellaneous,miscellaneous,DATORAMA,DE_Airwaves_mw_eur_Dv360_6,social,de_kin_p10-11-vnp_mw_eu_other_brand_na,kind,MW,na,brand,reach,92024,115,DE_ESS_MARS_MW_Airwaves_EUR,Compliant,PROGRAMMATIC,DV360,11,GERMANY,EUR,EU/CEABT,DACH,108181,7969,544530,1006,17599,16239.82416,202119,0,0,Dv360
DE,DATAROMA_DE_115,DATAROMA_DE_1,DATAROMA_DE_MW_1,9/21/2024,de_kin_p10-11-vnp_mw_eu_other_brand_na_reach_bid-nadr_0924_118224,9/8/2024,10/18/2024,6.666666667,113332,Kind,miscellaneous,miscellaneous,DATORAMA,DE_Airwaves_mw_eur_Dv360_6,social,de_kin_p10-11-vnp_mw_eu_other_brand_na,kind,MW,na,brand,reach,92024,115,DE_ESS_MARS_MW_Airwaves_EUR,Compliant,PROGRAMMATIC,DV360,10,GERMANY,EUR,EU/CEABT,DACH,145476,18130,751931,1002,30596,28233.0621,376909,0,0,Dv360
DE,DATAROMA_DE_117,DATAROMA_DE_1,DATAROMA_DE_MW_1,10/1/2024,de_kin_p9-10-vnp_mw_eu_other_brand_social_views_bid-nadr_0924_11693,9/4/2024,10/19/2024,7.5,106736,Kind,miscellaneous,miscellaneous,DATORAMA,DE_Airwaves_mw_eur_Dv360_8,social,de_kin_p9-10-vnp_mw_eu_other_brand_social,kind,MW,social,brand,views,92024,117,DE_ESS_MARS_MW_Airwaves_EUR,Compliant,PROGRAMMATIC,DV360,10,GERMANY,EUR,EU/CEABT,DACH,170534,21068,651740,1459,26720,24656.4067,271976,0,0,Dv360
DE,DATAROMA_DE_117,DATAROMA_DE_1,DATAROMA_DE_MW_1,9/30/2024,de_kin_p9-10-vnp_mw_eu_other_brand_social_views_bid-nadr_0924_11693,9/4/2024,10/19/2024,6.8,123950,Kind,miscellaneous,miscellaneous,DATORAMA,DE_Airwaves_mw_eur_Dv360_8,social,de_kin_p9-10-vnp_mw_eu_other_brand_social,kind,MW,social,brand,views,92024,117,DE_ESS_MARS_MW_Airwaves_EUR,Compliant,PROGRAMMATIC,DV360,10,GERMANY,EUR,EU/CEABT,DACH,320862,22551,750360,1610,41929,38690.81124,417320,0,0,Dv360
DE,DATAROMA_DE_117,DATAROMA_DE_1,DATAROMA_DE_MW_1,9/9/2024,de_kin_p9-10-vnp_mw_eu_other_brand_social_views_bid-nadr_0924_11693,9/4/2024,10/19/2024,7.666666667,333122,Kind,miscellaneous,miscellaneous,DATORAMA,DE_Airwaves_mw_eur_Dv360_8,social,de_kin_p9-10-vnp_mw_eu_other_brand_social,kind,MW,social,brand,views,92024,117,DE_ESS_MARS_MW_Airwaves_EUR,Compliant,PROGRAMMATIC,DV360,10,GERMANY,EUR,EU/CEABT,DACH,371031,30277,1373747,3479,67228,62035.96218,628457,0,0,Dv360
DE,DATAROMA_DE_117,DATAROMA_DE_1,DATAROMA_DE_MW_1,10/11/2024,de_kin_p9-10-vnp_mw_eu_other_brand_social_views_bid-nadr_0924_11693,9/4/2024,10/19/2024,6.181818182,329535,Kind,miscellaneous,miscellaneous,DATORAMA,DE_Airwaves_mw_eur_Dv360_8,social,de_kin_p9-10-vnp_mw_eu_other_brand_social,kind,MW,social,brand,views,92024,117,DE_ESS_MARS_MW_Airwaves_EUR,Compliant,PROGRAMMATIC,DV360,11,GERMANY,EUR,EU/CEABT,DACH,330879,53062,1301626,3858,34062,31431.38192,630196,0,0,Dv360
DE,DATAROMA_DE_117,DATAROMA_DE_1,DATAROMA_DE_MW_1,10/15/2024,de_kin_p9-10-vnp_mw_eu_other_brand_social_views_bid-nadr_0924_11693,9/4/2024,10/19/2024,7.588235294,269382,Kind,miscellaneous,miscellaneous,DATORAMA,DE_Airwaves_mw_eur_Dv360_8,social,de_kin_p9-10-vnp_mw_eu_other_brand_social,kind,MW,social,brand,views,92024,117,DE_ESS_MARS_MW_Airwaves_EUR,Compliant,PROGRAMMATIC,DV360,11,GERMANY,EUR,EU/CEABT,DACH,415677,36231,1135862,3753,59513,54916.79386,669820,0,0,Dv360
DE,DATAROMA_DE_117,DATAROMA_DE_1,DATAROMA_DE_MW_1,10/19/2024,de_kin_p9-10-vnp_mw_eu_other_brand_social_views_bid-nadr_0924_11693,9/4/2024,10/19/2024,5.733333333,289312,Kind,miscellaneous,miscellaneous,DATORAMA,DE_Airwaves_mw_eur_Dv360_8,social,de_kin_p9-10-vnp_mw_eu_other_brand_social,kind,MW,social,brand,views,92024,117,DE_ESS_MARS_MW_Airwaves_EUR,Compliant,PROGRAMMATIC,DV360,11,GERMANY,EUR,EU/CEABT,DACH,288498,46560,1394372,2866,61773,57002.2534,651596,0,0,Dv360
DE,DATAROMA_DE_117,DATAROMA_DE_1,DATAROMA_DE_MW_1,9/25/2024,de_kin_p9-10-vnp_mw_eu_other_brand_social_views_bid-nadr_0924_11693,9/4/2024,10/19/2024,6.4,219947,Kind,miscellaneous,miscellaneous,DATORAMA,DE_Airwaves_mw_eur_Dv360_8,social,de_kin_p9-10-vnp_mw_eu_other_brand_social,kind,MW,social,brand,views,92024,117,DE_ESS_MARS_MW_Airwaves_EUR,Compliant,PROGRAMMATIC,DV360,10,GERMANY,EUR,EU/CEABT,DACH,242250,15733,817500,1662,38982,35971.4089,335491,0,0,Dv360
DE,DATAROMA_DE_117,DATAROMA_DE_1,DATAROMA_DE_MW_1,10/3/2024,de_kin_p9-10-vnp_mw_eu_other_brand_social_views_bid-nadr_0924_11693,9/4/2024,10/19/2024,6.571428571,86814,Kind,miscellaneous,miscellaneous,DATORAMA,DE_Airwaves_mw_eur_Dv360_8,social,de_kin_p9-10-vnp_mw_eu_other_brand_social,kind,MW,social,brand,views,92024,117,DE_ESS_MARS_MW_Airwaves_EUR,Compliant,PROGRAMMATIC,DV360,10,GERMANY,EUR,EU/CEABT,DACH,121827,13944,551075,995,18968,17503.09589,290097,0,0,Dv360
DE,DATAROMA_DE_117,DATAROMA_DE_1,DATAROMA_DE_MW_1,9/12/2024,de_kin_p9-10-vnp_mw_eu_other_brand_social_views_bid-nadr_0924_11693,9/4/2024,10/19/2024,7.75,99414,Kind,miscellaneous,miscellaneous,DATORAMA,DE_Airwaves_mw_eur_Dv360_8,social,de_kin_p9-10-vnp_mw_eu_other_brand_social,kind,MW,social,brand,views,92024,117,DE_ESS_MARS_MW_Airwaves_EUR,Compliant,PROGRAMMATIC,DV360,10,GERMANY,EUR,EU/CEABT,DACH,265904,29323,742018,3525,31357,28935.28985,509522,0,0,Dv360
DE,DATAROMA_DE_117,DATAROMA_DE_1,DATAROMA_DE_MW_1,9/27/2024,de_kin_p9-10-vnp_mw_eu_other_brand_social_views_bid-nadr_0924_11693,9/4/2024,10/19/2024,6.5,304743,Kind,miscellaneous,miscellaneous,DATORAMA,DE_Airwaves_mw_eur_Dv360_8,social,de_kin_p9-10-vnp_mw_eu_other_brand_social,kind,MW,social,brand,views,92024,117,DE_ESS_MARS_MW_Airwaves_EUR,Compliant,PROGRAMMATIC,DV360,10,GERMANY,EUR,EU/CEABT,DACH,308308,57157,1011789,1483,32038,29563.69603,552087,0,0,Dv360
DE,DATAROMA_DE_117,DATAROMA_DE_1,DATAROMA_DE_MW_1,10/7/2024,de_kin_p9-10-vnp_mw_eu_other_brand_social_views_bid-nadr_0924_11693,9/4/2024,10/19/2024,6.882352941,290541,Kind,miscellaneous,miscellaneous,DATORAMA,DE_Airwaves_mw_eur_Dv360_8,social,de_kin_p9-10-vnp_mw_eu_other_brand_social,kind,MW,social,brand,views,92024,117,DE_ESS_MARS_MW_Airwaves_EUR,Compliant,PROGRAMMATIC,DV360,11,GERMANY,EUR,EU/CEABT,DACH,296030,38171,1476236,4701,61096,56377.53831,872794,0,0,Dv360
DE,DATAROMA_DE_117,DATAROMA_DE_1,DATAROMA_DE_MW_1,9/20/2024,de_kin_p9-10-vnp_mw_eu_other_brand_social_views_bid-nadr_0924_11693,9/4/2024,10/19/2024,6.8,209757,Kind,miscellaneous,miscellaneous,DATORAMA,DE_Airwaves_mw_eur_Dv360_8,social,de_kin_p9-10-vnp_mw_eu_other_brand_social,kind,MW,social,brand,views,92024,117,DE_ESS_MARS_MW_Airwaves_EUR,Compliant,PROGRAMMATIC,DV360,10,GERMANY,EUR,EU/CEABT,DACH,325711,71254,1062835,2244,33888,31270.81999,563147,0,0,Dv360
DE,DATAROMA_DE_117,DATAROMA_DE_1,DATAROMA_DE_MW_1,9/15/2024,de_kin_p9-10-vnp_mw_eu_other_brand_social_views_bid-nadr_0924_11693,9/4/2024,10/19/2024,8.6,219058,Kind,miscellaneous,miscellaneous,DATORAMA,DE_Airwaves_mw_eur_Dv360_8,social,de_kin_p9-10-vnp_mw_eu_other_brand_social,kind,MW,social,brand,views,92024,117,DE_ESS_MARS_MW_Airwaves_EUR,Compliant,PROGRAMMATIC,DV360,10,GERMANY,EUR,EU/CEABT,DACH,210807,22639,713241,2056,45768,42233.32417,378274,0,0,Dv360
DE,DATAROMA_DE_117,DATAROMA_DE_1,DATAROMA_DE_MW_1,9/10/2024,de_kin_p9-10-vnp_mw_eu_other_brand_social_views_bid-nadr_0924_11693,9/4/2024,10/19/2024,4,321026,Kind,miscellaneous,miscellaneous,DATORAMA,DE_Airwaves_mw_eur_Dv360_8,social,de_kin_p9-10-vnp_mw_eu_other_brand_social,kind,MW,social,brand,views,92024,117,DE_ESS_MARS_MW_Airwaves_EUR,Compliant,PROGRAMMATIC,DV360,10,GERMANY,EUR,EU/CEABT,DACH,276843,3387,899474,3825,53061,48963.08368,545905,0,0,Dv360
DE,DATAROMA_DE_117,DATAROMA_DE_1,DATAROMA_DE_MW_1,10/8/2024,de_kin_p9-10-vnp_mw_eu_other_brand_social_views_bid-nadr_0924_11693,9/4/2024,10/19/2024,7.222222222,189850,Kind,miscellaneous,miscellaneous,DATORAMA,DE_Airwaves_mw_eur_Dv360_8,social,de_kin_p9-10-vnp_mw_eu_other_brand_social,kind,MW,social,brand,views,92024,117,DE_ESS_MARS_MW_Airwaves_EUR,Compliant,PROGRAMMATIC,DV360,11,GERMANY,EUR,EU/CEABT,DACH,310111,9448,821407,1536,32142,29659.66408,384581,0,0,Dv360
DE,DATAROMA_DE_117,DATAROMA_DE_1,DATAROMA_DE_MW_1,10/17/2024,de_kin_p9-10-vnp_mw_eu_other_brand_social_views_bid-nadr_0924_11693,9/4/2024,10/19/2024,6.8,90463,Kind,miscellaneous,miscellaneous,DATORAMA,DE_Airwaves_mw_eur_Dv360_8,social,de_kin_p9-10-vnp_mw_eu_other_brand_social,kind,MW,social,brand,views,92024,117,DE_ESS_MARS_MW_Airwaves_EUR,Compliant,PROGRAMMATIC,DV360,11,GERMANY,EUR,EU/CEABT,DACH,103751,20540,390083,527,10553,9737.988768,131732,0,0,Dv360
DE,DATAROMA_DE_117,DATAROMA_DE_1,DATAROMA_DE_MW_1,9/11/2024,de_kin_p9-10-vnp_mw_eu_other_brand_social_views_bid-nadr_0924_11693,9/4/2024,10/19/2024,9.857142857,60623,Kind,miscellaneous,miscellaneous,DATORAMA,DE_Airwaves_mw_eur_Dv360_8,social,de_kin_p9-10-vnp_mw_eu_other_brand_social,kind,MW,social,brand,views,92024,117,DE_ESS_MARS_MW_Airwaves_EUR,Compliant,PROGRAMMATIC,DV360,10,GERMANY,EUR,EU/CEABT,DACH,106438,1668,588917,995,32558,30043.53627,221831,0,0,Dv360
DE,DATAROMA_DE_117,DATAROMA_DE_1,DATAROMA_DE_MW_1,9/13/2024,de_kin_p9-10-vnp_mw_eu_other_brand_social_views_bid-nadr_0924_11693,9/4/2024,10/19/2024,6.642857143,168514,Kind,miscellaneous,miscellaneous,DATORAMA,DE_Airwaves_mw_eur_Dv360_8,social,de_kin_p9-10-vnp_mw_eu_other_brand_social,kind,MW,social,brand,views,92024,117,DE_ESS_MARS_MW_Airwaves_EUR,Compliant,PROGRAMMATIC,DV360,10,GERMANY,EUR,EU/CEABT,DACH,165179,12887,1090727,2851,41848,38616.0669,459037,0,0,Dv360
DE,DATAROMA_DE_117,DATAROMA_DE_1,DATAROMA_DE_MW_1,10/14/2024,de_kin_p9-10-vnp_mw_eu_other_brand_social_views_bid-nadr_0924_11693,9/4/2024,10/19/2024,7.090909091,199254,Kind,miscellaneous,miscellaneous,DATORAMA,DE_Airwaves_mw_eur_Dv360_8,social,de_kin_p9-10-vnp_mw_eu_other_brand_social,kind,MW,social,brand,views,92024,117,DE_ESS_MARS_MW_Airwaves_EUR,Compliant,PROGRAMMATIC,DV360,11,GERMANY,EUR,EU/CEABT,DACH,331417,17789,1041739,2330,31005,28610.47491,493449,0,0,Dv360
DE,DATAROMA_DE_117,DATAROMA_DE_1,DATAROMA_DE_MW_1,9/19/2024,de_kin_p9-10-vnp_mw_eu_other_brand_social_views_bid-nadr_0924_11693,9/4/2024,10/19/2024,7.111111111,195719,Kind,miscellaneous,miscellaneous,DATORAMA,DE_Airwaves_mw_eur_Dv360_8,social,de_kin_p9-10-vnp_mw_eu_other_brand_social,kind,MW,social,brand,views,92024,117,DE_ESS_MARS_MW_Airwaves_EUR,Compliant,PROGRAMMATIC,DV360,10,GERMANY,EUR,EU/CEABT,DACH,253696,54011,950187,3520,22977,21202.47967,559218,0,0,Dv360
DE,DATAROMA_DE_117,DATAROMA_DE_1,DATAROMA_DE_MW_1,9/21/2024,de_kin_p9-10-vnp_mw_eu_other_brand_social_views_bid-nadr_0924_11693,9/4/2024,10/19/2024,5.857142857,150638,Kind,miscellaneous,miscellaneous,DATORAMA,DE_Airwaves_mw_eur_Dv360_8,social,de_kin_p9-10-vnp_mw_eu_other_brand_social,kind,MW,social,brand,views,92024,117,DE_ESS_MARS_MW_Airwaves_EUR,Compliant,PROGRAMMATIC,DV360,10,GERMANY,EUR,EU/CEABT,DACH,112707,25044,541966,1199,21767,20085.92832,258857,0,0,Dv360
DE,DATAROMA_DE_117,DATAROMA_DE_1,DATAROMA_DE_MW_1,9/18/2024,de_kin_p9-10-vnp_mw_eu_other_brand_social_views_bid-nadr_0924_11693,9/4/2024,10/19/2024,4.9,234234,Kind,miscellaneous,miscellaneous,DATORAMA,DE_Airwaves_mw_eur_Dv360_8,social,de_kin_p9-10-vnp_mw_eu_other_brand_social,kind,MW,social,brand,views,92024,117,DE_ESS_MARS_MW_Airwaves_EUR,Compliant,PROGRAMMATIC,DV360,10,GERMANY,EUR,EU/CEABT,DACH,65817,5183,757547,786,37775,34857.62586,142008,0,0,Dv360
DE,DATAROMA_DE_117,DATAROMA_DE_1,DATAROMA_DE_MW_1,10/5/2024,de_kin_p9-10-vnp_mw_eu_other_brand_social_views_bid-nadr_0924_11693,9/4/2024,10/19/2024,5,234550,Kind,miscellaneous,miscellaneous,DATORAMA,DE_Airwaves_mw_eur_Dv360_8,social,de_kin_p9-10-vnp_mw_eu_other_brand_social,kind,MW,social,brand,views,92024,117,DE_ESS_MARS_MW_Airwaves_EUR,Compliant,PROGRAMMATIC,DV360,10,GERMANY,EUR,EU/CEABT,DACH,165810,25042,746192,1831,26810,24739.45597,384167,0,0,Dv360
DE,DATAROMA_DE_117,DATAROMA_DE_1,DATAROMA_DE_MW_1,9/5/2024,de_kin_p9-10-vnp_mw_eu_other_brand_social_views_bid-nadr_0924_11693,9/4/2024,10/19/2024,2.4,379009,Kind,miscellaneous,miscellaneous,DATORAMA,DE_Airwaves_mw_eur_Dv360_8,social,de_kin_p9-10-vnp_mw_eu_other_brand_social,kind,MW,social,brand,views,92024,117,DE_ESS_MARS_MW_Airwaves_EUR,Compliant,PROGRAMMATIC,DV360,9,GERMANY,EUR,EU/CEABT,DACH,235778,31784,573611,1959,13444,12405.716,409153,0,0,Dv360
DE,DATAROMA_DE_117,DATAROMA_DE_1,DATAROMA_DE_MW_1,9/6/2024,de_kin_p9-10-vnp_mw_eu_other_brand_social_views_bid-nadr_0924_11693,9/4/2024,10/19/2024,7,65213,Kind,miscellaneous,miscellaneous,DATORAMA,DE_Airwaves_mw_eur_Dv360_8,social,de_kin_p9-10-vnp_mw_eu_other_brand_social,kind,MW,social,brand,views,92024,117,DE_ESS_MARS_MW_Airwaves_EUR,Compliant,PROGRAMMATIC,DV360,9,GERMANY,EUR,EU/CEABT,DACH,184784,22122,334434,1744,13871,12799.73867,252877,0,0,Dv360
DE,DATAROMA_DE_117,DATAROMA_DE_1,DATAROMA_DE_MW_1,9/8/2024,de_kin_p9-10-vnp_mw_eu_other_brand_social_views_bid-nadr_0924_11693,9/4/2024,10/19/2024,7,175291,Kind,miscellaneous,miscellaneous,DATORAMA,DE_Airwaves_mw_eur_Dv360_8,social,de_kin_p9-10-vnp_mw_eu_other_brand_social,kind,MW,social,brand,views,92024,117,DE_ESS_MARS_MW_Airwaves_EUR,Compliant,PROGRAMMATIC,DV360,10,GERMANY,EUR,EU/CEABT,DACH,205480,29879,962009,1885,28174,25998.11386,407306,0,0,Dv360
DE,DATAROMA_DE_117,DATAROMA_DE_1,DATAROMA_DE_MW_1,9/26/2024,de_kin_p9-10-vnp_mw_eu_other_brand_social_views_bid-nadr_0924_11693,9/4/2024,10/19/2024,4,210829,Kind,miscellaneous,miscellaneous,DATORAMA,DE_Airwaves_mw_eur_Dv360_8,social,de_kin_p9-10-vnp_mw_eu_other_brand_social,kind,MW,social,brand,views,92024,117,DE_ESS_MARS_MW_Airwaves_EUR,Compliant,PROGRAMMATIC,DV360,10,GERMANY,EUR,EU/CEABT,DACH,19334,1578,426545,593,14894,13743.73209,109640,0,0,Dv360
DE,DATAROMA_DE_117,DATAROMA_DE_1,DATAROMA_DE_MW_1,9/29/2024,de_kin_p9-10-vnp_mw_eu_other_brand_social_views_bid-nadr_0924_11693,9/4/2024,10/19/2024,6,134066,Kind,miscellaneous,miscellaneous,DATORAMA,DE_Airwaves_mw_eur_Dv360_8,social,de_kin_p9-10-vnp_mw_eu_other_brand_social,kind,MW,social,brand,views,92024,117,DE_ESS_MARS_MW_Airwaves_EUR,Compliant,PROGRAMMATIC,DV360,10,GERMANY,EUR,EU/CEABT,DACH,307605,66083,804551,2526,31942,29475.11013,463594,0,0,Dv360
DE,DATAROMA_DE_117,DATAROMA_DE_1,DATAROMA_DE_MW_1,10/10/2024,de_kin_p9-10-vnp_mw_eu_other_brand_social_views_bid-nadr_0924_11693,9/4/2024,10/19/2024,7.8,67105,Kind,miscellaneous,miscellaneous,DATORAMA,DE_Airwaves_mw_eur_Dv360_8,social,de_kin_p9-10-vnp_mw_eu_other_brand_social,kind,MW,social,brand,views,92024,117,DE_ESS_MARS_MW_Airwaves_EUR,Compliant,PROGRAMMATIC,DV360,11,GERMANY,EUR,EU/CEABT,DACH,144955,1116,422404,689,16722,15430.55512,183120,0,0,Dv360
DE,DATAROMA_DE_117,DATAROMA_DE_1,DATAROMA_DE_MW_1,9/24/2024,de_kin_p9-10-vnp_mw_eu_other_brand_social_views_bid-nadr_0924_11693,9/4/2024,10/19/2024,6.444444444,171482,Kind,miscellaneous,miscellaneous,DATORAMA,DE_Airwaves_mw_eur_Dv360_8,social,de_kin_p9-10-vnp_mw_eu_other_brand_social,kind,MW,social,brand,views,92024,117,DE_ESS_MARS_MW_Airwaves_EUR,Compliant,PROGRAMMATIC,DV360,10,GERMANY,EUR,EU/CEABT,DACH,149423,63866,926859,1405,30998,28604.01553,371123,0,0,Dv360
DE,DATAROMA_DE_117,DATAROMA_DE_1,DATAROMA_DE_MW_1,9/17/2024,de_kin_p9-10-vnp_mw_eu_other_brand_social_views_bid-nadr_0924_11693,9/4/2024,10/19/2024,5.5,62282,Kind,miscellaneous,miscellaneous,DATORAMA,DE_Airwaves_mw_eur_Dv360_8,social,de_kin_p9-10-vnp_mw_eu_other_brand_social,kind,MW,social,brand,views,92024,117,DE_ESS_MARS_MW_Airwaves_EUR,Compliant,PROGRAMMATIC,DV360,10,GERMANY,EUR,EU/CEABT,DACH,54863,22592,324995,1428,15943,14711.71751,179096,0,0,Dv360
DE,DATAROMA_DE_117,DATAROMA_DE_1,DATAROMA_DE_MW_1,9/16/2024,de_kin_p9-10-vnp_mw_eu_other_brand_social_views_bid-nadr_0924_11693,9/4/2024,10/19/2024,5,270610,Kind,miscellaneous,miscellaneous,DATORAMA,DE_Airwaves_mw_eur_Dv360_8,social,de_kin_p9-10-vnp_mw_eu_other_brand_social,kind,MW,social,brand,views,92024,117,DE_ESS_MARS_MW_Airwaves_EUR,Compliant,PROGRAMMATIC,DV360,10,GERMANY,EUR,EU/CEABT,DACH,246364,34263,1065553,1755,31732,29281.32849,352451,0,0,Dv360
DE,DATAROMA_DE_117,DATAROMA_DE_1,DATAROMA_DE_MW_1,10/2/2024,de_kin_p9-10-vnp_mw_eu_other_brand_social_views_bid-nadr_0924_11693,9/4/2024,10/19/2024,6.75,120481,Kind,miscellaneous,miscellaneous,DATORAMA,DE_Airwaves_mw_eur_Dv360_8,social,de_kin_p9-10-vnp_mw_eu_other_brand_social,kind,MW,social,brand,views,92024,117,DE_ESS_MARS_MW_Airwaves_EUR,Compliant,PROGRAMMATIC,DV360,10,GERMANY,EUR,EU/CEABT,DACH,166374,5463,526907,1406,27918,25761.88481,279451,0,0,Dv360
DE,DATAROMA_DE_117,DATAROMA_DE_1,DATAROMA_DE_MW_1,10/18/2024,de_kin_p9-10-vnp_mw_eu_other_brand_social_views_bid-nadr_0924_11693,9/4/2024,10/19/2024,7.111111111,143119,Kind,miscellaneous,miscellaneous,DATORAMA,DE_Airwaves_mw_eur_Dv360_8,social,de_kin_p9-10-vnp_mw_eu_other_brand_social,kind,MW,social,brand,views,92024,117,DE_ESS_MARS_MW_Airwaves_EUR,Compliant,PROGRAMMATIC,DV360,11,GERMANY,EUR,EU/CEABT,DACH,256799,17898,898890,4258,32588,30071.21937,649379,0,0,Dv360
DE,DATAROMA_DE_117,DATAROMA_DE_1,DATAROMA_DE_MW_1,10/6/2024,de_kin_p9-10-vnp_mw_eu_other_brand_social_views_bid-nadr_0924_11693,9/4/2024,10/19/2024,6.666666667,281221,Kind,miscellaneous,miscellaneous,DATORAMA,DE_Airwaves_mw_eur_Dv360_8,social,de_kin_p9-10-vnp_mw_eu_other_brand_social,kind,MW,social,brand,views,92024,117,DE_ESS_MARS_MW_Airwaves_EUR,Compliant,PROGRAMMATIC,DV360,11,GERMANY,EUR,EU/CEABT,DACH,294152,22595,1120934,3009,31714,29264.71864,597538,0,0,Dv360
DE,DATAROMA_DE_117,DATAROMA_DE_1,DATAROMA_DE_MW_1,10/13/2024,de_kin_p9-10-vnp_mw_eu_other_brand_social_views_bid-nadr_0924_11693,9/4/2024,10/19/2024,5.2,147988,Kind,miscellaneous,miscellaneous,DATORAMA,DE_Airwaves_mw_eur_Dv360_8,social,de_kin_p9-10-vnp_mw_eu_other_brand_social,kind,MW,social,brand,views,92024,117,DE_ESS_MARS_MW_Airwaves_EUR,Compliant,PROGRAMMATIC,DV360,11,GERMANY,EUR,EU/CEABT,DACH,136535,8720,553581,841,19630,18113.96944,280742,0,0,Dv360
DE,DATAROMA_DE_117,DATAROMA_DE_1,DATAROMA_DE_MW_1,9/4/2024,de_kin_p9-10-vnp_mw_eu_other_brand_social_views_bid-nadr_0924_11693,9/4/2024,10/19/2024,3.4,158376,Kind,miscellaneous,miscellaneous,DATORAMA,DE_Airwaves_mw_eur_Dv360_8,social,de_kin_p9-10-vnp_mw_eu_other_brand_social,kind,MW,social,brand,views,92024,117,DE_ESS_MARS_MW_Airwaves_EUR,Compliant,PROGRAMMATIC,DV360,9,GERMANY,EUR,EU/CEABT,DACH,115345,35277,344700,618,13490,12448.16341,204278,1899463.844,1752767.704,Dv360
DE,DATAROMA_DE_136,DATAROMA_DE_1,DATAROMA_DE_MW_1,6/5/2024,de_kin_p6-7-vnp_mw_eu_other_brand_na_views_na_0624_113044,6/4/2024,7/8/2024,3.769230769,584732,Kind,miscellaneous,miscellaneous,DATORAMA,DE_Snickers_mw_eur_Dv360_7,bid-dda,de_kin_p6-7-vnp_mw_eu_other_brand_na,kind,MW,na,brand,views,62024,136,DE_ESS_MARS_MW_Snickers_EUR,Compliant,PROGRAMMATIC,DV360,6,GERMANY,EUR,EU/CEABT,DACH,339218,50330,1335726,3030,58086,53600.00147,560751,0,0,Dv360
DE,DATAROMA_DE_136,DATAROMA_DE_1,DATAROMA_DE_MW_1,6/28/2024,de_kin_p6-7-vnp_mw_eu_other_brand_na_views_na_0624_113044,6/4/2024,7/8/2024,5.6,228632,Kind,miscellaneous,miscellaneous,DATORAMA,DE_Snickers_mw_eur_Dv360_7,bid-dda,de_kin_p6-7-vnp_mw_eu_other_brand_na,kind,MW,na,brand,views,62024,136,DE_ESS_MARS_MW_Snickers_EUR,Compliant,PROGRAMMATIC,DV360,7,GERMANY,EUR,EU/CEABT,DACH,273641,45214,935631,2028,41381,38185.13344,512458,0,0,Dv360
DE,DATAROMA_DE_136,DATAROMA_DE_1,DATAROMA_DE_MW_1,6/29/2024,de_kin_p6-7-vnp_mw_eu_other_brand_na_views_na_0624_113044,6/4/2024,7/8/2024,6.857142857,370464,Kind,miscellaneous,miscellaneous,DATORAMA,DE_Snickers_mw_eur_Dv360_7,bid-dda,de_kin_p6-7-vnp_mw_eu_other_brand_na,kind,MW,na,brand,views,62024,136,DE_ESS_MARS_MW_Snickers_EUR,Compliant,PROGRAMMATIC,DV360,7,GERMANY,EUR,EU/CEABT,DACH,560199,51492,1476020,5800,55734,51429.64711,810113,0,0,Dv360
DE,DATAROMA_DE_136,DATAROMA_DE_1,DATAROMA_DE_MW_1,6/13/2024,de_kin_p6-7-vnp_mw_eu_other_brand_na_views_na_0624_113044,6/4/2024,7/8/2024,7,71092,Kind,miscellaneous,miscellaneous,DATORAMA,DE_Snickers_mw_eur_Dv360_7,bid-dda,de_kin_p6-7-vnp_mw_eu_other_brand_na,kind,MW,na,brand,views,62024,136,DE_ESS_MARS_MW_Snickers_EUR,Compliant,PROGRAMMATIC,DV360,6,GERMANY,EUR,EU/CEABT,DACH,82429,5047,488599,1241,34667,31989.6576,258401,0,0,Dv360
DE,DATAROMA_DE_136,DATAROMA_DE_1,DATAROMA_DE_MW_1,7/8/2024,de_kin_p6-7-vnp_mw_eu_other_brand_na_views_na_0624_113044,6/4/2024,7/8/2024,6,355425,Kind,miscellaneous,miscellaneous,DATORAMA,DE_Snickers_mw_eur_Dv360_7,bid-dda,de_kin_p6-7-vnp_mw_eu_other_brand_na,kind,MW,na,brand,views,62024,136,DE_ESS_MARS_MW_Snickers_EUR,Compliant,PROGRAMMATIC,DV360,7,GERMANY,EUR,EU/CEABT,DACH,522677,84208,1512199,5722,58404,53893.44224,1020906,0,0,Dv360
DE,DATAROMA_DE_136,DATAROMA_DE_1,DATAROMA_DE_MW_1,6/22/2024,de_kin_p6-7-vnp_mw_eu_other_brand_na_views_na_0624_113044,6/4/2024,7/8/2024,7.6,236091,Kind,miscellaneous,miscellaneous,DATORAMA,DE_Snickers_mw_eur_Dv360_7,bid-dda,de_kin_p6-7-vnp_mw_eu_other_brand_na,kind,MW,na,brand,views,62024,136,DE_ESS_MARS_MW_Snickers_EUR,Compliant,PROGRAMMATIC,DV360,7,GERMANY,EUR,EU/CEABT,DACH,327173,55180,849425,2870,37738,34823.48338,576367,0,0,Dv360
DE,DATAROMA_DE_136,DATAROMA_DE_1,DATAROMA_DE_MW_1,6/26/2024,de_kin_p6-7-vnp_mw_eu_other_brand_na_views_na_0624_113044,6/4/2024,7/8/2024,6.714285714,127108,Kind,miscellaneous,miscellaneous,DATORAMA,DE_Snickers_mw_eur_Dv360_7,bid-dda,de_kin_p6-7-vnp_mw_eu_other_brand_na,kind,MW,na,brand,views,62024,136,DE_ESS_MARS_MW_Snickers_EUR,Compliant,PROGRAMMATIC,DV360,7,GERMANY,EUR,EU/CEABT,DACH,99099,27404,521884,760,28493,26292.4774,234372,0,0,Dv360
DE,DATAROMA_DE_136,DATAROMA_DE_1,DATAROMA_DE_MW_1,6/10/2024,de_kin_p6-7-vnp_mw_eu_other_brand_na_views_na_0624_113044,6/4/2024,7/8/2024,6.461538462,312780,Kind,miscellaneous,miscellaneous,DATORAMA,DE_Snickers_mw_eur_Dv360_7,bid-dda,de_kin_p6-7-vnp_mw_eu_other_brand_na,kind,MW,na,brand,views,62024,136,DE_ESS_MARS_MW_Snickers_EUR,Compliant,PROGRAMMATIC,DV360,6,GERMANY,EUR,EU/CEABT,DACH,253735,15411,1303447,2722,41860,38627.14013,605314,0,0,Dv360
DE,DATAROMA_DE_136,DATAROMA_DE_1,DATAROMA_DE_MW_1,6/8/2024,de_kin_p6-7-vnp_mw_eu_other_brand_na_views_na_0624_113044,6/4/2024,7/8/2024,8.333333333,122255,Kind,miscellaneous,miscellaneous,DATORAMA,DE_Snickers_mw_eur_Dv360_7,bid-dda,de_kin_p6-7-vnp_mw_eu_other_brand_na,kind,MW,na,brand,views,62024,136,DE_ESS_MARS_MW_Snickers_EUR,Compliant,PROGRAMMATIC,DV360,6,GERMANY,EUR,EU/CEABT,DACH,253329,13322,1058042,1446,41733,38509.94838,471787,0,0,Dv360
DE,DATAROMA_DE_136,DATAROMA_DE_1,DATAROMA_DE_MW_1,6/7/2024,de_kin_p6-7-vnp_mw_eu_other_brand_na_views_na_0624_113044,6/4/2024,7/8/2024,5.75,293610,Kind,miscellaneous,miscellaneous,DATORAMA,DE_Snickers_mw_eur_Dv360_7,bid-dda,de_kin_p6-7-vnp_mw_eu_other_brand_na,kind,MW,na,brand,views,62024,136,DE_ESS_MARS_MW_Snickers_EUR,Compliant,PROGRAMMATIC,DV360,6,GERMANY,EUR,EU/CEABT,DACH,286429,26718,989399,2616,53411,49286.05307,562725,0,0,Dv360
DE,DATAROMA_DE_136,DATAROMA_DE_1,DATAROMA_DE_MW_1,6/4/2024,de_kin_p6-7-vnp_mw_eu_other_brand_na_views_na_0624_113044,6/4/2024,7/8/2024,6.625,114190,Kind,miscellaneous,miscellaneous,DATORAMA,DE_Snickers_mw_eur_Dv360_7,bid-dda,de_kin_p6-7-vnp_mw_eu_other_brand_na,kind,MW,na,brand,views,62024,136,DE_ESS_MARS_MW_Snickers_EUR,Compliant,PROGRAMMATIC,DV360,6,GERMANY,EUR,EU/CEABT,DACH,132742,15369,591686,1182,35505,32762.93862,228896,1415840.616,1306494.838,Dv360
DE,DATAROMA_DE_136,DATAROMA_DE_1,DATAROMA_DE_MW_1,6/24/2024,de_kin_p6-7-vnp_mw_eu_other_brand_na_views_na_0624_113044,6/4/2024,7/8/2024,7,399913,Kind,miscellaneous,miscellaneous,DATORAMA,DE_Snickers_mw_eur_Dv360_7,bid-dda,de_kin_p6-7-vnp_mw_eu_other_brand_na,kind,MW,na,brand,views,62024,136,DE_ESS_MARS_MW_Snickers_EUR,Compliant,PROGRAMMATIC,DV360,7,GERMANY,EUR,EU/CEABT,DACH,529140,61808,1630650,4009,61033,56319.40382,819133,0,0,Dv360
DE,DATAROMA_DE_136,DATAROMA_DE_1,DATAROMA_DE_MW_1,6/20/2024,de_kin_p6-7-vnp_mw_eu_other_brand_na_views_na_0624_113044,6/4/2024,7/8/2024,6.142857143,197903,Kind,miscellaneous,miscellaneous,DATORAMA,DE_Snickers_mw_eur_Dv360_7,bid-dda,de_kin_p6-7-vnp_mw_eu_other_brand_na,kind,MW,na,brand,views,62024,136,DE_ESS_MARS_MW_Snickers_EUR,Compliant,PROGRAMMATIC,DV360,7,GERMANY,EUR,EU/CEABT,DACH,399989,19465,740022,2941,37938,35008.03733,613018,0,0,Dv360
DE,DATAROMA_DE_136,DATAROMA_DE_1,DATAROMA_DE_MW_1,6/19/2024,de_kin_p6-7-vnp_mw_eu_other_brand_na_views_na_0624_113044,6/4/2024,7/8/2024,5.666666667,184789,Kind,miscellaneous,miscellaneous,DATORAMA,DE_Snickers_mw_eur_Dv360_7,bid-dda,de_kin_p6-7-vnp_mw_eu_other_brand_na,kind,MW,na,brand,views,62024,136,DE_ESS_MARS_MW_Snickers_EUR,Compliant,PROGRAMMATIC,DV360,7,GERMANY,EUR,EU/CEABT,DACH,77769,13634,525411,729,16011,14774.46586,223706,0,0,Dv360
DE,DATAROMA_DE_136,DATAROMA_DE_1,DATAROMA_DE_MW_1,7/7/2024,de_kin_p6-7-vnp_mw_eu_other_brand_na_views_na_0624_113044,6/4/2024,7/8/2024,5.733333333,239877,Kind,miscellaneous,miscellaneous,DATORAMA,DE_Snickers_mw_eur_Dv360_7,bid-dda,de_kin_p6-7-vnp_mw_eu_other_brand_na,kind,MW,na,brand,views,62024,136,DE_ESS_MARS_MW_Snickers_EUR,Compliant,PROGRAMMATIC,DV360,7,GERMANY,EUR,EU/CEABT,DACH,126014,11437,842195,1007,55808,51497.93207,278391,0,0,Dv360
DE,DATAROMA_DE_136,DATAROMA_DE_1,DATAROMA_DE_MW_1,6/11/2024,de_kin_p6-7-vnp_mw_eu_other_brand_na_views_na_0624_113044,6/4/2024,7/8/2024,8,145979,Kind,miscellaneous,miscellaneous,DATORAMA,DE_Snickers_mw_eur_Dv360_7,bid-dda,de_kin_p6-7-vnp_mw_eu_other_brand_na,kind,MW,na,brand,views,62024,136,DE_ESS_MARS_MW_Snickers_EUR,Compliant,PROGRAMMATIC,DV360,6,GERMANY,EUR,EU/CEABT,DACH,419708,34654,1110619,2418,32570,30054.60951,639134,0,0,Dv360
DE,DATAROMA_DE_136,DATAROMA_DE_1,DATAROMA_DE_MW_1,6/17/2024,de_kin_p6-7-vnp_mw_eu_other_brand_na_views_na_0624_113044,6/4/2024,7/8/2024,6.416666667,268272,Kind,miscellaneous,miscellaneous,DATORAMA,DE_Snickers_mw_eur_Dv360_7,bid-dda,de_kin_p6-7-vnp_mw_eu_other_brand_na,kind,MW,na,brand,views,62024,136,DE_ESS_MARS_MW_Snickers_EUR,Compliant,PROGRAMMATIC,DV360,7,GERMANY,EUR,EU/CEABT,DACH,180391,20860,1051657,2800,45788,42251.77956,383717,0,0,Dv360
DE,DATAROMA_DE_136,DATAROMA_DE_1,DATAROMA_DE_MW_1,6/23/2024,de_kin_p6-7-vnp_mw_eu_other_brand_na_views_na_0624_113044,6/4/2024,7/8/2024,6.333333333,371394,Kind,miscellaneous,miscellaneous,DATORAMA,DE_Snickers_mw_eur_Dv360_7,bid-dda,de_kin_p6-7-vnp_mw_eu_other_brand_na,kind,MW,na,brand,views,62024,136,DE_ESS_MARS_MW_Snickers_EUR,Compliant,PROGRAMMATIC,DV360,7,GERMANY,EUR,EU/CEABT,DACH,247393,25127,1041417,2388,58856,54310.53416,467094,0,0,Dv360
DE,DATAROMA_DE_136,DATAROMA_DE_1,DATAROMA_DE_MW_1,6/18/2024,de_kin_p6-7-vnp_mw_eu_other_brand_na_views_na_0624_113044,6/4/2024,7/8/2024,7.142857143,300348,Kind,miscellaneous,miscellaneous,DATORAMA,DE_Snickers_mw_eur_Dv360_7,bid-dda,de_kin_p6-7-vnp_mw_eu_other_brand_na,kind,MW,na,brand,views,62024,136,DE_ESS_MARS_MW_Snickers_EUR,Compliant,PROGRAMMATIC,DV360,7,GERMANY,EUR,EU/CEABT,DACH,446188,37627,1239355,3542,54831,50596.38607,748307,0,0,Dv360
DE,DATAROMA_DE_136,DATAROMA_DE_1,DATAROMA_DE_MW_1,6/30/2024,de_kin_p6-7-vnp_mw_eu_other_brand_na_views_na_0624_113044,6/4/2024,7/8/2024,6.636363636,348057,Kind,miscellaneous,miscellaneous,DATORAMA,DE_Snickers_mw_eur_Dv360_7,bid-dda,de_kin_p6-7-vnp_mw_eu_other_brand_na,kind,MW,na,brand,views,62024,136,DE_ESS_MARS_MW_Snickers_EUR,Compliant,PROGRAMMATIC,DV360,7,GERMANY,EUR,EU/CEABT,DACH,370701,29669,1223562,3973,42979,39659.71944,675857,0,0,Dv360
DE,DATAROMA_DE_136,DATAROMA_DE_1,DATAROMA_DE_MW_1,7/5/2024,de_kin_p6-7-vnp_mw_eu_other_brand_na_views_na_0624_113044,6/4/2024,7/8/2024,5,279104,Kind,miscellaneous,miscellaneous,DATORAMA,DE_Snickers_mw_eur_Dv360_7,bid-dda,de_kin_p6-7-vnp_mw_eu_other_brand_na,kind,MW,na,brand,views,62024,136,DE_ESS_MARS_MW_Snickers_EUR,Compliant,PROGRAMMATIC,DV360,7,GERMANY,EUR,EU/CEABT,DACH,173205,11104,668409,665,20902,19287.73251,384725,0,0,Dv360
DE,DATAROMA_DE_136,DATAROMA_DE_1,DATAROMA_DE_MW_1,7/1/2024,de_kin_p6-7-vnp_mw_eu_other_brand_na_views_na_0624_113044,6/4/2024,7/8/2024,8.125,68703,Kind,miscellaneous,miscellaneous,DATORAMA,DE_Snickers_mw_eur_Dv360_7,bid-dda,de_kin_p6-7-vnp_mw_eu_other_brand_na,kind,MW,na,brand,views,62024,136,DE_ESS_MARS_MW_Snickers_EUR,Compliant,PROGRAMMATIC,DV360,7,GERMANY,EUR,EU/CEABT,DACH,45369,12333,508128,875,27281,25174.08051,181328,0,0,Dv360
DE,DATAROMA_DE_136,DATAROMA_DE_1,DATAROMA_DE_MW_1,6/16/2024,de_kin_p6-7-vnp_mw_eu_other_brand_na_views_na_0624_113044,6/4/2024,7/8/2024,6.333333333,250060,Kind,miscellaneous,miscellaneous,DATORAMA,DE_Snickers_mw_eur_Dv360_7,bid-dda,de_kin_p6-7-vnp_mw_eu_other_brand_na,kind,MW,na,brand,views,62024,136,DE_ESS_MARS_MW_Snickers_EUR,Compliant,PROGRAMMATIC,DV360,7,GERMANY,EUR,EU/CEABT,DACH,267575,12185,939091,3155,40241,37133.17597,450465,0,0,Dv360
DE,DATAROMA_DE_136,DATAROMA_DE_1,DATAROMA_DE_MW_1,7/2/2024,de_kin_p6-7-vnp_mw_eu_other_brand_na_views_na_0624_113044,6/4/2024,7/8/2024,7.444444444,136658,Kind,miscellaneous,miscellaneous,DATORAMA,DE_Snickers_mw_eur_Dv360_7,bid-dda,de_kin_p6-7-vnp_mw_eu_other_brand_na,kind,MW,na,brand,views,62024,136,DE_ESS_MARS_MW_Snickers_EUR,Compliant,PROGRAMMATIC,DV360,7,GERMANY,EUR,EU/CEABT,DACH,313877,38040,885940,1327,30227,27892.56008,556832,0,0,Dv360
DE,DATAROMA_DE_136,DATAROMA_DE_1,DATAROMA_DE_MW_1,7/6/2024,de_kin_p6-7-vnp_mw_eu_other_brand_na_views_na_0624_113044,6/4/2024,7/8/2024,6.555555556,104104,Kind,miscellaneous,miscellaneous,DATORAMA,DE_Snickers_mw_eur_Dv360_7,bid-dda,de_kin_p6-7-vnp_mw_eu_other_brand_na,kind,MW,na,brand,views,62024,136,DE_ESS_MARS_MW_Snickers_EUR,Compliant,PROGRAMMATIC,DV360,7,GERMANY,EUR,EU/CEABT,DACH,99384,10909,528548,1153,21606,19937.36239,188004,0,0,Dv360
DE,DATAROMA_DE_136,DATAROMA_DE_1,DATAROMA_DE_MW_1,6/6/2024,de_kin_p6-7-vnp_mw_eu_other_brand_na_views_na_0624_113044,6/4/2024,7/8/2024,7.857142857,61036,Kind,miscellaneous,miscellaneous,DATORAMA,DE_Snickers_mw_eur_Dv360_7,bid-dda,de_kin_p6-7-vnp_mw_eu_other_brand_na,kind,MW,na,brand,views,62024,136,DE_ESS_MARS_MW_Snickers_EUR,Compliant,PROGRAMMATIC,DV360,6,GERMANY,EUR,EU/CEABT,DACH,186949,11936,498878,1638,23152,21363.96437,309359,0,0,Dv360
DE,DATAROMA_DE_136,DATAROMA_DE_1,DATAROMA_DE_MW_1,7/4/2024,de_kin_p6-7-vnp_mw_eu_other_brand_na_views_na_0624_113044,6/4/2024,7/8/2024,7.153846154,168282,Kind,miscellaneous,miscellaneous,DATORAMA,DE_Snickers_mw_eur_Dv360_7,bid-dda,de_kin_p6-7-vnp_mw_eu_other_brand_na,kind,MW,na,brand,views,62024,136,DE_ESS_MARS_MW_Snickers_EUR,Compliant,PROGRAMMATIC,DV360,7,GERMANY,EUR,EU/CEABT,DACH,382521,115387,1053541,2255,44722,41268.10705,670991,0,0,Dv360
DE,DATAROMA_DE_136,DATAROMA_DE_1,DATAROMA_DE_MW_1,6/21/2024,de_kin_p6-7-vnp_mw_eu_other_brand_na_views_na_0624_113044,6/4/2024,7/8/2024,7.142857143,336685,Kind,miscellaneous,miscellaneous,DATORAMA,DE_Snickers_mw_eur_Dv360_7,bid-dda,de_kin_p6-7-vnp_mw_eu_other_brand_na,kind,MW,na,brand,views,62024,136,DE_ESS_MARS_MW_Snickers_EUR,Compliant,PROGRAMMATIC,DV360,7,GERMANY,EUR,EU/CEABT,DACH,376433,59136,1302742,4071,52128,48102.13953,764210,0,0,Dv360
DE,DATAROMA_DE_136,DATAROMA_DE_1,DATAROMA_DE_MW_1,7/3/2024,de_kin_p6-7-vnp_mw_eu_other_brand_na_views_na_0624_113044,6/4/2024,7/8/2024,8.571428571,62337,Kind,miscellaneous,miscellaneous,DATORAMA,DE_Snickers_mw_eur_Dv360_7,bid-dda,de_kin_p6-7-vnp_mw_eu_other_brand_na,kind,MW,na,brand,views,62024,136,DE_ESS_MARS_MW_Snickers_EUR,Compliant,PROGRAMMATIC,DV360,7,GERMANY,EUR,EU/CEABT,DACH,158987,11791,506227,1658,31218,28807.02486,232978,0,0,Dv360
DE,DATAROMA_DE_136,DATAROMA_DE_1,DATAROMA_DE_MW_1,6/15/2024,de_kin_p6-7-vnp_mw_eu_other_brand_na_views_na_0624_113044,6/4/2024,7/8/2024,6.9,248244,Kind,miscellaneous,miscellaneous,DATORAMA,DE_Snickers_mw_eur_Dv360_7,bid-dda,de_kin_p6-7-vnp_mw_eu_other_brand_na,kind,MW,na,brand,views,62024,136,DE_ESS_MARS_MW_Snickers_EUR,Compliant,PROGRAMMATIC,DV360,6,GERMANY,EUR,EU/CEABT,DACH,237734,22307,1122016,2033,31164,28757.1953,497830,0,0,Dv360
DE,DATAROMA_DE_149,DATAROMA_DE_1,DATAROMA_DE_MW_1,6/6/2024,de_kin_p6-7-vnp_mw_eu_other_brand_social_engagement_bid-nadr_0524_119861,5/21/2024,7/10/2024,7.5,223054,Kind,miscellaneous,miscellaneous,DATORAMA,DE_Airwaves_mw_eur_Dv360_20,na,de_kin_p6-7-vnp_mw_eu_other_brand_social,kind,MW,social,brand,engagement,52024,149,DE_ESS_MARS_MW_Airwaves_EUR,Compliant,PROGRAMMATIC,DV360,6,GERMANY,EUR,EU/CEABT,DACH,239351,13896,1009451,1426,31527,29092.1607,441417,0,0,Dv360
DE,DATAROMA_DE_149,DATAROMA_DE_1,DATAROMA_DE_MW_1,6/11/2024,de_kin_p6-7-vnp_mw_eu_other_brand_social_engagement_bid-nadr_0524_119861,5/21/2024,7/10/2024,5.8,309363,Kind,miscellaneous,miscellaneous,DATORAMA,DE_Airwaves_mw_eur_Dv360_20,na,de_kin_p6-7-vnp_mw_eu_other_brand_social,kind,MW,social,brand,engagement,52024,149,DE_ESS_MARS_MW_Airwaves_EUR,Compliant,PROGRAMMATIC,DV360,6,GERMANY,EUR,EU/CEABT,DACH,174931,16855,1010514,1378,28811,26585.91816,326432,0,0,Dv360
DE,DATAROMA_DE_149,DATAROMA_DE_1,DATAROMA_DE_MW_1,5/28/2024,de_kin_p6-7-vnp_mw_eu_other_brand_social_engagement_bid-nadr_0524_119861,5/21/2024,7/10/2024,6,214322,Kind,miscellaneous,miscellaneous,DATORAMA,DE_Airwaves_mw_eur_Dv360_20,na,de_kin_p6-7-vnp_mw_eu_other_brand_social,kind,MW,social,brand,engagement,52024,149,DE_ESS_MARS_MW_Airwaves_EUR,Compliant,PROGRAMMATIC,DV360,6,GERMANY,EUR,EU/CEABT,DACH,284047,40703,985335,1741,42968,39649.56897,479806,0,0,Dv360
DE,DATAROMA_DE_149,DATAROMA_DE_1,DATAROMA_DE_MW_1,6/30/2024,de_kin_p6-7-vnp_mw_eu_other_brand_social_engagement_bid-nadr_0524_119861,5/21/2024,7/10/2024,4.222222222,316508,Kind,miscellaneous,miscellaneous,DATORAMA,DE_Airwaves_mw_eur_Dv360_20,na,de_kin_p6-7-vnp_mw_eu_other_brand_social,kind,MW,social,brand,engagement,52024,149,DE_ESS_MARS_MW_Airwaves_EUR,Compliant,PROGRAMMATIC,DV360,7,GERMANY,EUR,EU/CEABT,DACH,260881,87489,883988,3186,36558,33734.61512,589919,0,0,Dv360
DE,DATAROMA_DE_149,DATAROMA_DE_1,DATAROMA_DE_MW_1,7/4/2024,de_kin_p6-7-vnp_mw_eu_other_brand_social_engagement_bid-nadr_0524_119861,5/21/2024,7/10/2024,6.916666667,265485,Kind,miscellaneous,miscellaneous,DATORAMA,DE_Airwaves_mw_eur_Dv360_20,na,de_kin_p6-7-vnp_mw_eu_other_brand_social,kind,MW,social,brand,engagement,52024,149,DE_ESS_MARS_MW_Airwaves_EUR,Compliant,PROGRAMMATIC,DV360,7,GERMANY,EUR,EU/CEABT,DACH,367581,23521,1268959,3904,48190,44468.27241,663552,0,0,Dv360
DE,DATAROMA_DE_149,DATAROMA_DE_1,DATAROMA_DE_MW_1,7/7/2024,de_kin_p6-7-vnp_mw_eu_other_brand_social_engagement_bid-nadr_0524_119861,5/21/2024,7/10/2024,6.8,91203,Kind,miscellaneous,miscellaneous,DATORAMA,DE_Airwaves_mw_eur_Dv360_20,na,de_kin_p6-7-vnp_mw_eu_other_brand_social,kind,MW,social,brand,engagement,52024,149,DE_ESS_MARS_MW_Airwaves_EUR,Compliant,PROGRAMMATIC,DV360,7,GERMANY,EUR,EU/CEABT,DACH,261842,55150,607454,1617,20069,18519.06534,385983,0,0,Dv360
DE,DATAROMA_DE_149,DATAROMA_DE_1,DATAROMA_DE_MW_1,6/20/2024,de_kin_p6-7-vnp_mw_eu_other_brand_social_engagement_bid-nadr_0524_119861,5/21/2024,7/10/2024,4.666666667,423613,Kind,miscellaneous,miscellaneous,DATORAMA,DE_Airwaves_mw_eur_Dv360_20,na,de_kin_p6-7-vnp_mw_eu_other_brand_social,kind,MW,social,brand,engagement,52024,149,DE_ESS_MARS_MW_Airwaves_EUR,Compliant,PROGRAMMATIC,DV360,7,GERMANY,EUR,EU/CEABT,DACH,120842,11245,898227,1957,18484,17056.47535,429028,0,0,Dv360
DE,DATAROMA_DE_149,DATAROMA_DE_1,DATAROMA_DE_MW_1,6/23/2024,de_kin_p6-7-vnp_mw_eu_other_brand_social_engagement_bid-nadr_0524_119861,5/21/2024,7/10/2024,6.230769231,471404,Kind,miscellaneous,miscellaneous,DATORAMA,DE_Airwaves_mw_eur_Dv360_20,na,de_kin_p6-7-vnp_mw_eu_other_brand_social,kind,MW,social,brand,engagement,52024,149,DE_ESS_MARS_MW_Airwaves_EUR,Compliant,PROGRAMMATIC,DV360,7,GERMANY,EUR,EU/CEABT,DACH,300899,76468,1241058,2452,52168,48139.05032,725320,0,0,Dv360
DE,DATAROMA_DE_149,DATAROMA_DE_1,DATAROMA_DE_MW_1,6/21/2024,de_kin_p6-7-vnp_mw_eu_other_brand_social_engagement_bid-nadr_0524_119861,5/21/2024,7/10/2024,7.9,103039,Kind,miscellaneous,miscellaneous,DATORAMA,DE_Airwaves_mw_eur_Dv360_20,na,de_kin_p6-7-vnp_mw_eu_other_brand_social,kind,MW,social,brand,engagement,52024,149,DE_ESS_MARS_MW_Airwaves_EUR,Compliant,PROGRAMMATIC,DV360,7,GERMANY,EUR,EU/CEABT,DACH,202504,35953,711475,1673,35017,32312.627,337863,0,0,Dv360
DE,DATAROMA_DE_149,DATAROMA_DE_1,DATAROMA_DE_MW_1,6/14/2024,de_kin_p6-7-vnp_mw_eu_other_brand_social_engagement_bid-nadr_0524_119861,5/21/2024,7/10/2024,6,320619,Kind,miscellaneous,miscellaneous,DATORAMA,DE_Airwaves_mw_eur_Dv360_20,na,de_kin_p6-7-vnp_mw_eu_other_brand_social,kind,MW,social,brand,engagement,52024,149,DE_ESS_MARS_MW_Airwaves_EUR,Compliant,PROGRAMMATIC,DV360,6,GERMANY,EUR,EU/CEABT,DACH,201703,15790,1014977,1720,45605,42082.9127,402987,0,0,Dv360
DE,DATAROMA_DE_149,DATAROMA_DE_1,DATAROMA_DE_MW_1,6/1/2024,de_kin_p6-7-vnp_mw_eu_other_brand_social_engagement_bid-nadr_0524_119861,5/21/2024,7/10/2024,8.5,58325,Kind,miscellaneous,miscellaneous,DATORAMA,DE_Airwaves_mw_eur_Dv360_20,na,de_kin_p6-7-vnp_mw_eu_other_brand_social,kind,MW,social,brand,engagement,52024,149,DE_ESS_MARS_MW_Airwaves_EUR,Compliant,PROGRAMMATIC,DV360,6,GERMANY,EUR,EU/CEABT,DACH,82017,18417,439785,487,20850,19239.74849,181856,0,0,Dv360
DE,DATAROMA_DE_149,DATAROMA_DE_1,DATAROMA_DE_MW_1,6/2/2024,de_kin_p6-7-vnp_mw_eu_other_brand_social_engagement_bid-nadr_0524_119861,5/21/2024,7/10/2024,7.333333333,87230,Kind,miscellaneous,miscellaneous,DATORAMA,DE_Airwaves_mw_eur_Dv360_20,na,de_kin_p6-7-vnp_mw_eu_other_brand_social,kind,MW,social,brand,engagement,52024,149,DE_ESS_MARS_MW_Airwaves_EUR,Compliant,PROGRAMMATIC,DV360,6,GERMANY,EUR,EU/CEABT,DACH,154351,13991,492416,942,33713,31109.33529,246945,0,0,Dv360
DE,DATAROMA_DE_149,DATAROMA_DE_1,DATAROMA_DE_MW_1,7/10/2024,de_kin_p6-7-vnp_mw_eu_other_brand_social_engagement_bid-nadr_0524_119861,5/21/2024,7/10/2024,8.538461538,172064,Kind,miscellaneous,miscellaneous,DATORAMA,DE_Airwaves_mw_eur_Dv360_20,na,de_kin_p6-7-vnp_mw_eu_other_brand_social,kind,MW,social,brand,engagement,52024,149,DE_ESS_MARS_MW_Airwaves_EUR,Compliant,PROGRAMMATIC,DV360,7,GERMANY,EUR,EU/CEABT,DACH,440839,69773,1107908,4018,56066,51736.00666,779960,0,0,Dv360
DE,DATAROMA_DE_149,DATAROMA_DE_1,DATAROMA_DE_MW_1,6/24/2024,de_kin_p6-7-vnp_mw_eu_other_brand_social_engagement_bid-nadr_0524_119861,5/21/2024,7/10/2024,6.7,177732,Kind,miscellaneous,miscellaneous,DATORAMA,DE_Airwaves_mw_eur_Dv360_20,na,de_kin_p6-7-vnp_mw_eu_other_brand_social,kind,MW,social,brand,engagement,52024,149,DE_ESS_MARS_MW_Airwaves_EUR,Compliant,PROGRAMMATIC,DV360,7,GERMANY,EUR,EU/CEABT,DACH,171050,37870,867422,1091,45323,41822.69164,351757,0,0,Dv360
DE,DATAROMA_DE_149,DATAROMA_DE_1,DATAROMA_DE_MW_1,6/3/2024,de_kin_p6-7-vnp_mw_eu_other_brand_social_engagement_bid-nadr_0524_119861,5/21/2024,7/10/2024,6.6,364388,Kind,miscellaneous,miscellaneous,DATORAMA,DE_Airwaves_mw_eur_Dv360_20,na,de_kin_p6-7-vnp_mw_eu_other_brand_social,kind,MW,social,brand,engagement,52024,149,DE_ESS_MARS_MW_Airwaves_EUR,Compliant,PROGRAMMATIC,DV360,6,GERMANY,EUR,EU/CEABT,DACH,307614,24619,1250729,3091,30141,27813.20188,643460,0,0,Dv360
DE,DATAROMA_DE_149,DATAROMA_DE_1,DATAROMA_DE_MW_1,5/29/2024,de_kin_p6-7-vnp_mw_eu_other_brand_social_engagement_bid-nadr_0524_119861,5/21/2024,7/10/2024,5.888888889,283836,Kind,miscellaneous,miscellaneous,DATORAMA,DE_Airwaves_mw_eur_Dv360_20,na,de_kin_p6-7-vnp_mw_eu_other_brand_social,kind,MW,social,brand,engagement,52024,149,DE_ESS_MARS_MW_Airwaves_EUR,Compliant,PROGRAMMATIC,DV360,6,GERMANY,EUR,EU/CEABT,DACH,232418,14835,978474,2432,24016,22161.2374,474732,0,0,Dv360
DE,DATAROMA_DE_149,DATAROMA_DE_1,DATAROMA_DE_MW_1,7/2/2024,de_kin_p6-7-vnp_mw_eu_other_brand_social_engagement_bid-nadr_0524_119861,5/21/2024,7/10/2024,7.5,106105,Kind,miscellaneous,miscellaneous,DATORAMA,DE_Airwaves_mw_eur_Dv360_20,na,de_kin_p6-7-vnp_mw_eu_other_brand_social,kind,MW,social,brand,engagement,52024,149,DE_ESS_MARS_MW_Airwaves_EUR,Compliant,PROGRAMMATIC,DV360,7,GERMANY,EUR,EU/CEABT,DACH,190080,34317,773083,1622,28462,26263.87153,383147,0,0,Dv360
DE,DATAROMA_DE_149,DATAROMA_DE_1,DATAROMA_DE_MW_1,6/9/2024,de_kin_p6-7-vnp_mw_eu_other_brand_social_engagement_bid-nadr_0524_119861,5/21/2024,7/10/2024,8.5,118853,Kind,miscellaneous,miscellaneous,DATORAMA,DE_Airwaves_mw_eur_Dv360_20,na,de_kin_p6-7-vnp_mw_eu_other_brand_social,kind,MW,social,brand,engagement,52024,149,DE_ESS_MARS_MW_Airwaves_EUR,Compliant,PROGRAMMATIC,DV360,6,GERMANY,EUR,EU/CEABT,DACH,256053,46234,633802,2861,30219,27885.17792,442241,0,0,Dv360
DE,DATAROMA_DE_149,DATAROMA_DE_1,DATAROMA_DE_MW_1,5/26/2024,de_kin_p6-7-vnp_mw_eu_other_brand_social_engagement_bid-nadr_0524_119861,5/21/2024,7/10/2024,4.25,356777,Kind,miscellaneous,miscellaneous,DATORAMA,DE_Airwaves_mw_eur_Dv360_20,na,de_kin_p6-7-vnp_mw_eu_other_brand_social,kind,MW,social,brand,engagement,52024,149,DE_ESS_MARS_MW_Airwaves_EUR,Compliant,PROGRAMMATIC,DV360,6,GERMANY,EUR,EU/CEABT,DACH,187462,18043,745723,1933,24152,22286.73408,290856,0,0,Dv360
DE,DATAROMA_DE_149,DATAROMA_DE_1,DATAROMA_DE_MW_1,6/19/2024,de_kin_p6-7-vnp_mw_eu_other_brand_social_engagement_bid-nadr_0524_119861,5/21/2024,7/10/2024,5.333333333,124172,Kind,miscellaneous,miscellaneous,DATORAMA,DE_Airwaves_mw_eur_Dv360_20,na,de_kin_p6-7-vnp_mw_eu_other_brand_social,kind,MW,social,brand,engagement,52024,149,DE_ESS_MARS_MW_Airwaves_EUR,Compliant,PROGRAMMATIC,DV360,7,GERMANY,EUR,EU/CEABT,DACH,167872,7074,431990,1980,18663,17221.65113,290655,0,0,Dv360
DE,DATAROMA_DE_149,DATAROMA_DE_1,DATAROMA_DE_MW_1,5/22/2024,de_kin_p6-7-vnp_mw_eu_other_brand_social_engagement_bid-nadr_0524_119861,5/21/2024,7/10/2024,6,462991,Kind,miscellaneous,miscellaneous,DATORAMA,DE_Airwaves_mw_eur_Dv360_20,na,de_kin_p6-7-vnp_mw_eu_other_brand_social,kind,MW,social,brand,engagement,52024,149,DE_ESS_MARS_MW_Airwaves_EUR,Compliant,PROGRAMMATIC,DV360,6,GERMANY,EUR,EU/CEABT,DACH,370184,12727,1143879,4171,51309,47346.39114,687492,0,0,Dv360
DE,DATAROMA_DE_149,DATAROMA_DE_1,DATAROMA_DE_MW_1,6/12/2024,de_kin_p6-7-vnp_mw_eu_other_brand_social_engagement_bid-nadr_0524_119861,5/21/2024,7/10/2024,7.333333333,54957,Kind,miscellaneous,miscellaneous,DATORAMA,DE_Airwaves_mw_eur_Dv360_20,na,de_kin_p6-7-vnp_mw_eu_other_brand_social,kind,MW,social,brand,engagement,52024,149,DE_ESS_MARS_MW_Airwaves_EUR,Compliant,PROGRAMMATIC,DV360,6,GERMANY,EUR,EU/CEABT,DACH,49306,9144,380827,358,24560,22663.22412,72301,0,0,Dv360
DE,DATAROMA_DE_149,DATAROMA_DE_1,DATAROMA_DE_MW_1,6/4/2024,de_kin_p6-7-vnp_mw_eu_other_brand_social_engagement_bid-nadr_0524_119861,5/21/2024,7/10/2024,2.333333333,248976,Kind,miscellaneous,miscellaneous,DATORAMA,DE_Airwaves_mw_eur_Dv360_20,na,de_kin_p6-7-vnp_mw_eu_other_brand_social,kind,MW,social,brand,engagement,52024,149,DE_ESS_MARS_MW_Airwaves_EUR,Compliant,PROGRAMMATIC,DV360,6,GERMANY,EUR,EU/CEABT,DACH,33810,10709,466508,512,18120,16720.58718,168698,0,0,Dv360
DE,DATAROMA_DE_149,DATAROMA_DE_1,DATAROMA_DE_MW_1,6/27/2024,de_kin_p6-7-vnp_mw_eu_other_brand_social_engagement_bid-nadr_0524_119861,5/21/2024,7/10/2024,6.666666667,236314,Kind,miscellaneous,miscellaneous,DATORAMA,DE_Airwaves_mw_eur_Dv360_20,na,de_kin_p6-7-vnp_mw_eu_other_brand_social,kind,MW,social,brand,engagement,52024,149,DE_ESS_MARS_MW_Airwaves_EUR,Compliant,PROGRAMMATIC,DV360,7,GERMANY,EUR,EU/CEABT,DACH,307494,13525,844444,2933,49185,45386.42827,608079,0,0,Dv360
DE,DATAROMA_DE_149,DATAROMA_DE_1,DATAROMA_DE_MW_1,7/5/2024,de_kin_p6-7-vnp_mw_eu_other_brand_social_engagement_bid-nadr_0524_119861,5/21/2024,7/10/2024,5.5,169361,Kind,miscellaneous,miscellaneous,DATORAMA,DE_Airwaves_mw_eur_Dv360_20,na,de_kin_p6-7-vnp_mw_eu_other_brand_social,kind,MW,social,brand,engagement,52024,149,DE_ESS_MARS_MW_Airwaves_EUR,Compliant,PROGRAMMATIC,DV360,7,GERMANY,EUR,EU/CEABT,DACH,133416,16488,626800,853,12259,11312.2339,281824,0,0,Dv360
DE,DATAROMA_DE_149,DATAROMA_DE_1,DATAROMA_DE_MW_1,5/31/2024,de_kin_p6-7-vnp_mw_eu_other_brand_social_engagement_bid-nadr_0524_119861,5/21/2024,7/10/2024,6,134100,Kind,miscellaneous,miscellaneous,DATORAMA,DE_Airwaves_mw_eur_Dv360_20,na,de_kin_p6-7-vnp_mw_eu_other_brand_social,kind,MW,social,brand,engagement,52024,149,DE_ESS_MARS_MW_Airwaves_EUR,Compliant,PROGRAMMATIC,DV360,6,GERMANY,EUR,EU/CEABT,DACH,79357,11734,432588,966,18458,17032.48334,180169,0,0,Dv360
DE,DATAROMA_DE_149,DATAROMA_DE_1,DATAROMA_DE_MW_1,7/6/2024,de_kin_p6-7-vnp_mw_eu_other_brand_social_engagement_bid-nadr_0524_119861,5/21/2024,7/10/2024,6,163337,Kind,miscellaneous,miscellaneous,DATORAMA,DE_Airwaves_mw_eur_Dv360_20,na,de_kin_p6-7-vnp_mw_eu_other_brand_social,kind,MW,social,brand,engagement,52024,149,DE_ESS_MARS_MW_Airwaves_EUR,Compliant,PROGRAMMATIC,DV360,7,GERMANY,EUR,EU/CEABT,DACH,179553,898,827251,1532,36865,34017.90542,341052,0,0,Dv360
DE,DATAROMA_DE_149,DATAROMA_DE_1,DATAROMA_DE_MW_1,5/30/2024,de_kin_p6-7-vnp_mw_eu_other_brand_social_engagement_bid-nadr_0524_119861,5/21/2024,7/10/2024,6.125,150970,Kind,miscellaneous,miscellaneous,DATORAMA,DE_Airwaves_mw_eur_Dv360_20,na,de_kin_p6-7-vnp_mw_eu_other_brand_social,kind,MW,social,brand,engagement,52024,149,DE_ESS_MARS_MW_Airwaves_EUR,Compliant,PROGRAMMATIC,DV360,6,GERMANY,EUR,EU/CEABT,DACH,100215,2353,615211,2063,21154,19520.27048,397447,0,0,Dv360
DE,DATAROMA_DE_149,DATAROMA_DE_1,DATAROMA_DE_MW_1,7/8/2024,de_kin_p6-7-vnp_mw_eu_other_brand_social_engagement_bid-nadr_0524_119861,5/21/2024,7/10/2024,6.222222222,164641,Kind,miscellaneous,miscellaneous,DATORAMA,DE_Airwaves_mw_eur_Dv360_20,na,de_kin_p6-7-vnp_mw_eu_other_brand_social,kind,MW,social,brand,engagement,52024,149,DE_ESS_MARS_MW_Airwaves_EUR,Compliant,PROGRAMMATIC,DV360,7,GERMANY,EUR,EU/CEABT,DACH,236201,14365,841728,3003,37000,34142.47933,559935,0,0,Dv360
DE,DATAROMA_DE_149,DATAROMA_DE_1,DATAROMA_DE_MW_1,6/22/2024,de_kin_p6-7-vnp_mw_eu_other_brand_social_engagement_bid-nadr_0524_119861,5/21/2024,7/10/2024,7.25,89088,Kind,miscellaneous,miscellaneous,DATORAMA,DE_Airwaves_mw_eur_Dv360_20,na,de_kin_p6-7-vnp_mw_eu_other_brand_social,kind,MW,social,brand,engagement,52024,149,DE_ESS_MARS_MW_Airwaves_EUR,Compliant,PROGRAMMATIC,DV360,7,GERMANY,EUR,EU/CEABT,DACH,80657,4073,288078,900,21694,20018.56613,147267,0,0,Dv360
DE,DATAROMA_DE_149,DATAROMA_DE_1,DATAROMA_DE_MW_1,6/15/2024,de_kin_p6-7-vnp_mw_eu_other_brand_social_engagement_bid-nadr_0524_119861,5/21/2024,7/10/2024,9.75,36808,Kind,miscellaneous,miscellaneous,DATORAMA,DE_Airwaves_mw_eur_Dv360_20,na,de_kin_p6-7-vnp_mw_eu_other_brand_social,kind,MW,social,brand,engagement,52024,149,DE_ESS_MARS_MW_Airwaves_EUR,Compliant,PROGRAMMATIC,DV360,6,GERMANY,EUR,EU/CEABT,DACH,164311,4274,382734,1728,7581,6995.517185,330889,0,0,Dv360
DE,DATAROMA_DE_149,DATAROMA_DE_1,DATAROMA_DE_MW_1,6/28/2024,de_kin_p6-7-vnp_mw_eu_other_brand_social_engagement_bid-nadr_0524_119861,5/21/2024,7/10/2024,9,68686,Kind,miscellaneous,miscellaneous,DATORAMA,DE_Airwaves_mw_eur_Dv360_20,na,de_kin_p6-7-vnp_mw_eu_other_brand_social,kind,MW,social,brand,engagement,52024,149,DE_ESS_MARS_MW_Airwaves_EUR,Compliant,PROGRAMMATIC,DV360,7,GERMANY,EUR,EU/CEABT,DACH,97437,4594,423233,1525,23295,21495.92044,237958,0,0,Dv360
DE,DATAROMA_DE_149,DATAROMA_DE_1,DATAROMA_DE_MW_1,5/25/2024,de_kin_p6-7-vnp_mw_eu_other_brand_social_engagement_bid-nadr_0524_119861,5/21/2024,7/10/2024,5,492146,Kind,miscellaneous,miscellaneous,DATORAMA,DE_Airwaves_mw_eur_Dv360_20,na,de_kin_p6-7-vnp_mw_eu_other_brand_social,kind,MW,social,brand,engagement,52024,149,DE_ESS_MARS_MW_Airwaves_EUR,Compliant,PROGRAMMATIC,DV360,6,GERMANY,EUR,EU/CEABT,DACH,108298,5921,957655,1489,31770,29316.39374,266021,0,0,Dv360
DE,DATAROMA_DE_149,DATAROMA_DE_1,DATAROMA_DE_MW_1,6/5/2024,de_kin_p6-7-vnp_mw_eu_other_brand_social_engagement_bid-nadr_0524_119861,5/21/2024,7/10/2024,8.777777778,162208,Kind,miscellaneous,miscellaneous,DATORAMA,DE_Airwaves_mw_eur_Dv360_20,na,de_kin_p6-7-vnp_mw_eu_other_brand_social,kind,MW,social,brand,engagement,52024,149,DE_ESS_MARS_MW_Airwaves_EUR,Compliant,PROGRAMMATIC,DV360,6,GERMANY,EUR,EU/CEABT,DACH,177509,68632,713170,2094,38367,35403.90553,430749,0,0,Dv360
DE,DATAROMA_DE_149,DATAROMA_DE_1,DATAROMA_DE_MW_1,7/9/2024,de_kin_p6-7-vnp_mw_eu_other_brand_social_engagement_bid-nadr_0524_119861,5/21/2024,7/10/2024,4.75,304193,Kind,miscellaneous,miscellaneous,DATORAMA,DE_Airwaves_mw_eur_Dv360_20,na,de_kin_p6-7-vnp_mw_eu_other_brand_social,kind,MW,social,brand,engagement,52024,149,DE_ESS_MARS_MW_Airwaves_EUR,Compliant,PROGRAMMATIC,DV360,7,GERMANY,EUR,EU/CEABT,DACH,343338,77829,1120646,2458,42692,39394.88454,531158,0,0,Dv360
DE,DATAROMA_DE_149,DATAROMA_DE_1,DATAROMA_DE_MW_1,7/1/2024,de_kin_p6-7-vnp_mw_eu_other_brand_social_engagement_bid-nadr_0524_119861,5/21/2024,7/10/2024,6.454545455,264593,Kind,miscellaneous,miscellaneous,DATORAMA,DE_Airwaves_mw_eur_Dv360_20,na,de_kin_p6-7-vnp_mw_eu_other_brand_social,kind,MW,social,brand,engagement,52024,149,DE_ESS_MARS_MW_Airwaves_EUR,Compliant,PROGRAMMATIC,DV360,7,GERMANY,EUR,EU/CEABT,DACH,261054,57888,1000056,2289,38344,35382.68183,423625,0,0,Dv360
DE,DATAROMA_DE_149,DATAROMA_DE_1,DATAROMA_DE_MW_1,6/10/2024,de_kin_p6-7-vnp_mw_eu_other_brand_social_engagement_bid-nadr_0524_119861,5/21/2024,7/10/2024,6.888888889,171067,Kind,miscellaneous,miscellaneous,DATORAMA,DE_Airwaves_mw_eur_Dv360_20,na,de_kin_p6-7-vnp_mw_eu_other_brand_social,kind,MW,social,brand,engagement,52024,149,DE_ESS_MARS_MW_Airwaves_EUR,Compliant,PROGRAMMATIC,DV360,6,GERMANY,EUR,EU/CEABT,DACH,149628,14846,805947,1972,40672,37530.88972,344859,0,0,Dv360
DE,DATAROMA_DE_163,DATAROMA_DE_2,DATAROMA_DE_MW_1,7/1/2024,de_kin_p7-8-vnp_mw_eu_other_brand_na_na_dir-nadr_0624_116958,6/30/2024,8/10/2024,6.555555556,112661,Kind,miscellaneous,miscellaneous,DATORAMA,DE_Kind_mw_eur_YouTube_3,na,de_kin_p7-8-vnp_mw_eu_other_brand_na,kind,MW,na,brand,na,62024,163,DE_ESS_MARS_MW_Kind_EUR,Compliant,PROGRAMMATIC,DV360-YOUTUBE,7,GERMANY,EUR,EU/CEABT,DACH,144075,9109,743959,1396,37705,34793.03198,344113,0,0,YouTube
DE,DATAROMA_DE_163,DATAROMA_DE_2,DATAROMA_DE_MW_1,7/11/2024,de_kin_p7-8-vnp_mw_eu_other_brand_na_na_dir-nadr_0624_116958,6/30/2024,8/10/2024,6.555555556,185220,Kind,miscellaneous,miscellaneous,DATORAMA,DE_Kind_mw_eur_YouTube_3,na,de_kin_p7-8-vnp_mw_eu_other_brand_na,kind,MW,na,brand,na,62024,163,DE_ESS_MARS_MW_Kind_EUR,Compliant,PROGRAMMATIC,DV360-YOUTUBE,7,GERMANY,EUR,EU/CEABT,DACH,219402,24793,724908,1485,37299,34418.38748,404622,0,0,YouTube
DE,DATAROMA_DE_163,DATAROMA_DE_2,DATAROMA_DE_MW_1,7/26/2024,de_kin_p7-8-vnp_mw_eu_other_brand_na_na_dir-nadr_0624_116958,6/30/2024,8/10/2024,7,115210,Kind,miscellaneous,miscellaneous,DATORAMA,DE_Kind_mw_eur_YouTube_3,na,de_kin_p7-8-vnp_mw_eu_other_brand_na,kind,MW,na,brand,na,62024,163,DE_ESS_MARS_MW_Kind_EUR,Compliant,PROGRAMMATIC,DV360-YOUTUBE,8,GERMANY,EUR,EU/CEABT,DACH,286734,67424,711662,2544,37935,35005.26901,398977,0,0,YouTube
DE,DATAROMA_DE_163,DATAROMA_DE_2,DATAROMA_DE_MW_1,8/5/2024,de_kin_p7-8-vnp_mw_eu_other_brand_na_na_dir-nadr_0624_116958,6/30/2024,8/10/2024,7.25,401963,Kind,miscellaneous,miscellaneous,DATORAMA,DE_Kind_mw_eur_YouTube_3,na,de_kin_p7-8-vnp_mw_eu_other_brand_na,kind,MW,na,brand,na,62024,163,DE_ESS_MARS_MW_Kind_EUR,Compliant,PROGRAMMATIC,DV360-YOUTUBE,8,GERMANY,EUR,EU/CEABT,DACH,341796,71454,1919658,3086,72202,66625.81873,882231,0,0,YouTube
DE,DATAROMA_DE_163,DATAROMA_DE_2,DATAROMA_DE_MW_1,7/10/2024,de_kin_p7-8-vnp_mw_eu_other_brand_na_na_dir-nadr_0624_116958,6/30/2024,8/10/2024,6,130691,Kind,miscellaneous,miscellaneous,DATORAMA,DE_Kind_mw_eur_YouTube_3,na,de_kin_p7-8-vnp_mw_eu_other_brand_na,kind,MW,na,brand,na,62024,163,DE_ESS_MARS_MW_Kind_EUR,Compliant,PROGRAMMATIC,DV360-YOUTUBE,7,GERMANY,EUR,EU/CEABT,DACH,109942,22947,530726,1876,20434,18855.87629,277213,0,0,YouTube
DE,DATAROMA_DE_163,DATAROMA_DE_2,DATAROMA_DE_MW_1,8/1/2024,de_kin_p7-8-vnp_mw_eu_other_brand_na_na_dir-nadr_0624_116958,6/30/2024,8/10/2024,6,420936,Kind,miscellaneous,miscellaneous,DATORAMA,DE_Kind_mw_eur_YouTube_3,na,de_kin_p7-8-vnp_mw_eu_other_brand_na,kind,MW,na,brand,na,62024,163,DE_ESS_MARS_MW_Kind_EUR,Compliant,PROGRAMMATIC,DV360-YOUTUBE,8,GERMANY,EUR,EU/CEABT,DACH,315332,12187,948244,1924,34695,32015.49515,530997,0,0,YouTube
DE,DATAROMA_DE_163,DATAROMA_DE_2,DATAROMA_DE_MW_1,7/9/2024,de_kin_p7-8-vnp_mw_eu_other_brand_na_na_dir-nadr_0624_116958,6/30/2024,8/10/2024,5.461538462,390088,Kind,miscellaneous,miscellaneous,DATORAMA,DE_Kind_mw_eur_YouTube_3,na,de_kin_p7-8-vnp_mw_eu_other_brand_na,kind,MW,na,brand,na,62024,163,DE_ESS_MARS_MW_Kind_EUR,Compliant,PROGRAMMATIC,DV360-YOUTUBE,7,GERMANY,EUR,EU/CEABT,DACH,261590,48127,1321201,2543,60554,55877.39712,535668,0,0,YouTube
DE,DATAROMA_DE_163,DATAROMA_DE_2,DATAROMA_DE_MW_1,8/8/2024,de_kin_p7-8-vnp_mw_eu_other_brand_na_na_dir-nadr_0624_116958,6/30/2024,8/10/2024,6.714285714,66194,Kind,miscellaneous,miscellaneous,DATORAMA,DE_Kind_mw_eur_YouTube_3,na,de_kin_p7-8-vnp_mw_eu_other_brand_na,kind,MW,na,brand,na,62024,163,DE_ESS_MARS_MW_Kind_EUR,Compliant,PROGRAMMATIC,DV360-YOUTUBE,8,GERMANY,EUR,EU/CEABT,DACH,47970,11994,472352,745,36084,33297.22228,142712,0,0,YouTube
DE,DATAROMA_DE_163,DATAROMA_DE_2,DATAROMA_DE_MW_1,6/30/2024,de_kin_p7-8-vnp_mw_eu_other_brand_na_na_dir-nadr_0624_116958,6/30/2024,8/10/2024,8.25,62675,Kind,miscellaneous,miscellaneous,DATORAMA,DE_Kind_mw_eur_YouTube_3,na,de_kin_p7-8-vnp_mw_eu_other_brand_na,kind,MW,na,brand,na,62024,163,DE_ESS_MARS_MW_Kind_EUR,Compliant,PROGRAMMATIC,DV360-YOUTUBE,7,GERMANY,EUR,EU/CEABT,DACH,73307,24942,494915,763,8329,7685.74893,253156,914421.4262,843800.3959,YouTube
DE,DATAROMA_DE_163,DATAROMA_DE_2,DATAROMA_DE_MW_1,7/24/2024,de_kin_p7-8-vnp_mw_eu_other_brand_na_na_dir-nadr_0624_116958,6/30/2024,8/10/2024,6.5,274635,Kind,miscellaneous,miscellaneous,DATORAMA,DE_Kind_mw_eur_YouTube_3,na,de_kin_p7-8-vnp_mw_eu_other_brand_na,kind,MW,na,brand,na,62024,163,DE_ESS_MARS_MW_Kind_EUR,Compliant,PROGRAMMATIC,DV360-YOUTUBE,8,GERMANY,EUR,EU/CEABT,DACH,268475,18211,965702,2417,56961,52561.88555,404663,0,0,YouTube
DE,DATAROMA_DE_163,DATAROMA_DE_2,DATAROMA_DE_MW_1,7/18/2024,de_kin_p7-8-vnp_mw_eu_other_brand_na_na_dir-nadr_0624_116958,6/30/2024,8/10/2024,7.071428571,190777,Kind,miscellaneous,miscellaneous,DATORAMA,DE_Kind_mw_eur_YouTube_3,na,de_kin_p7-8-vnp_mw_eu_other_brand_na,kind,MW,na,brand,na,62024,163,DE_ESS_MARS_MW_Kind_EUR,Compliant,PROGRAMMATIC,DV360-YOUTUBE,8,GERMANY,EUR,EU/CEABT,DACH,362157,51669,1101791,2299,43583,40217.07235,551103,0,0,YouTube
DE,DATAROMA_DE_163,DATAROMA_DE_2,DATAROMA_DE_MW_1,7/14/2024,de_kin_p7-8-vnp_mw_eu_other_brand_na_na_dir-nadr_0624_116958,6/30/2024,8/10/2024,6.666666667,117260,Kind,miscellaneous,miscellaneous,DATORAMA,DE_Kind_mw_eur_YouTube_3,na,de_kin_p7-8-vnp_mw_eu_other_brand_na,kind,MW,na,brand,na,62024,163,DE_ESS_MARS_MW_Kind_EUR,Compliant,PROGRAMMATIC,DV360-YOUTUBE,8,GERMANY,EUR,EU/CEABT,DACH,73502,9599,514814,442,22691,20938.56753,108477,0,0,YouTube
DE,DATAROMA_DE_163,DATAROMA_DE_2,DATAROMA_DE_MW_1,8/6/2024,de_kin_p7-8-vnp_mw_eu_other_brand_na_na_dir-nadr_0624_116958,6/30/2024,8/10/2024,4.444444444,277628,Kind,miscellaneous,miscellaneous,DATORAMA,DE_Kind_mw_eur_YouTube_3,na,de_kin_p7-8-vnp_mw_eu_other_brand_na,kind,MW,na,brand,na,62024,163,DE_ESS_MARS_MW_Kind_EUR,Compliant,PROGRAMMATIC,DV360-YOUTUBE,8,GERMANY,EUR,EU/CEABT,DACH,288372,66765,654972,2340,23103,21318.74865,448921,0,0,YouTube
DE,DATAROMA_DE_163,DATAROMA_DE_2,DATAROMA_DE_MW_1,7/7/2024,de_kin_p7-8-vnp_mw_eu_other_brand_na_na_dir-nadr_0624_116958,6/30/2024,8/10/2024,7.555555556,101650,Kind,miscellaneous,miscellaneous,DATORAMA,DE_Kind_mw_eur_YouTube_3,na,de_kin_p7-8-vnp_mw_eu_other_brand_na,kind,MW,na,brand,na,62024,163,DE_ESS_MARS_MW_Kind_EUR,Compliant,PROGRAMMATIC,DV360-YOUTUBE,7,GERMANY,EUR,EU/CEABT,DACH,139155,15925,687410,1468,31710,29261.02756,248062,0,0,YouTube
DE,DATAROMA_DE_163,DATAROMA_DE_2,DATAROMA_DE_MW_1,7/17/2024,de_kin_p7-8-vnp_mw_eu_other_brand_na_na_dir-nadr_0624_116958,6/30/2024,8/10/2024,7.25,204838,Kind,miscellaneous,miscellaneous,DATORAMA,DE_Kind_mw_eur_YouTube_3,na,de_kin_p7-8-vnp_mw_eu_other_brand_na,kind,MW,na,brand,na,62024,163,DE_ESS_MARS_MW_Kind_EUR,Compliant,PROGRAMMATIC,DV360-YOUTUBE,8,GERMANY,EUR,EU/CEABT,DACH,240032,9591,1195003,3608,40092,36995.68328,558300,0,0,YouTube
DE,DATAROMA_DE_163,DATAROMA_DE_2,DATAROMA_DE_MW_1,7/22/2024,de_kin_p7-8-vnp_mw_eu_other_brand_na_na_dir-nadr_0624_116958,6/30/2024,8/10/2024,7.6875,277840,Kind,miscellaneous,miscellaneous,DATORAMA,DE_Kind_mw_eur_YouTube_3,na,de_kin_p7-8-vnp_mw_eu_other_brand_na,kind,MW,na,brand,na,62024,163,DE_ESS_MARS_MW_Kind_EUR,Compliant,PROGRAMMATIC,DV360-YOUTUBE,8,GERMANY,EUR,EU/CEABT,DACH,330377,41197,1445015,3806,52062,48041.23673,657981,0,0,YouTube
DE,DATAROMA_DE_163,DATAROMA_DE_2,DATAROMA_DE_MW_1,7/19/2024,de_kin_p7-8-vnp_mw_eu_other_brand_na_na_dir-nadr_0624_116958,6/30/2024,8/10/2024,8.090909091,216511,Kind,miscellaneous,miscellaneous,DATORAMA,DE_Kind_mw_eur_YouTube_3,na,de_kin_p7-8-vnp_mw_eu_other_brand_na,kind,MW,na,brand,na,62024,163,DE_ESS_MARS_MW_Kind_EUR,Compliant,PROGRAMMATIC,DV360-YOUTUBE,8,GERMANY,EUR,EU/CEABT,DACH,295772,116294,1208179,4800,47156,43514.12853,713528,0,0,YouTube
DE,DATAROMA_DE_163,DATAROMA_DE_2,DATAROMA_DE_MW_1,7/12/2024,de_kin_p7-8-vnp_mw_eu_other_brand_na_na_dir-nadr_0624_116958,6/30/2024,8/10/2024,6.266666667,359465,Kind,miscellaneous,miscellaneous,DATORAMA,DE_Kind_mw_eur_YouTube_3,na,de_kin_p7-8-vnp_mw_eu_other_brand_na,kind,MW,na,brand,na,62024,163,DE_ESS_MARS_MW_Kind_EUR,Compliant,PROGRAMMATIC,DV360-YOUTUBE,7,GERMANY,EUR,EU/CEABT,DACH,288702,42287,1385211,3453,49051,45262.77713,584435,0,0,YouTube
DE,DATAROMA_DE_163,DATAROMA_DE_2,DATAROMA_DE_MW_1,7/5/2024,de_kin_p7-8-vnp_mw_eu_other_brand_na_na_dir-nadr_0624_116958,6/30/2024,8/10/2024,8,139207,Kind,miscellaneous,miscellaneous,DATORAMA,DE_Kind_mw_eur_YouTube_3,na,de_kin_p7-8-vnp_mw_eu_other_brand_na,kind,MW,na,brand,na,62024,163,DE_ESS_MARS_MW_Kind_EUR,Compliant,PROGRAMMATIC,DV360-YOUTUBE,7,GERMANY,EUR,EU/CEABT,DACH,142574,19358,706561,2364,36538,33716.15973,427281,0,0,YouTube
DE,DATAROMA_DE_163,DATAROMA_DE_2,DATAROMA_DE_MW_1,7/29/2024,de_kin_p7-8-vnp_mw_eu_other_brand_na_na_dir-nadr_0624_116958,6/30/2024,8/10/2024,6.25,93911,Kind,miscellaneous,miscellaneous,DATORAMA,DE_Kind_mw_eur_YouTube_3,na,de_kin_p7-8-vnp_mw_eu_other_brand_na,kind,MW,na,brand,na,62024,163,DE_ESS_MARS_MW_Kind_EUR,Compliant,PROGRAMMATIC,DV360-YOUTUBE,8,GERMANY,EUR,EU/CEABT,DACH,57794,3360,325353,866,42347,39076.52898,126911,0,0,YouTube
DE,DATAROMA_DE_163,DATAROMA_DE_2,DATAROMA_DE_MW_1,7/31/2024,de_kin_p7-8-vnp_mw_eu_other_brand_na_na_dir-nadr_0624_116958,6/30/2024,8/10/2024,5.833333333,253383,Kind,miscellaneous,miscellaneous,DATORAMA,DE_Kind_mw_eur_YouTube_3,na,de_kin_p7-8-vnp_mw_eu_other_brand_na,kind,MW,na,brand,na,62024,163,DE_ESS_MARS_MW_Kind_EUR,Compliant,PROGRAMMATIC,DV360-YOUTUBE,8,GERMANY,EUR,EU/CEABT,DACH,225055,26215,906350,2754,45928,42380.96732,541842,0,0,YouTube
DE,DATAROMA_DE_163,DATAROMA_DE_2,DATAROMA_DE_MW_1,7/3/2024,de_kin_p7-8-vnp_mw_eu_other_brand_na_na_dir-nadr_0624_116958,6/30/2024,8/10/2024,3.6,194683,Kind,miscellaneous,miscellaneous,DATORAMA,DE_Kind_mw_eur_YouTube_3,na,de_kin_p7-8-vnp_mw_eu_other_brand_na,kind,MW,na,brand,na,62024,163,DE_ESS_MARS_MW_Kind_EUR,Compliant,PROGRAMMATIC,DV360-YOUTUBE,7,GERMANY,EUR,EU/CEABT,DACH,99586,2906,454294,554,21626,19955.81779,189209,0,0,YouTube
DE,DATAROMA_DE_163,DATAROMA_DE_2,DATAROMA_DE_MW_1,8/10/2024,de_kin_p7-8-vnp_mw_eu_other_brand_na_na_dir-nadr_0624_116958,6/30/2024,8/10/2024,5.769230769,391137,Kind,miscellaneous,miscellaneous,DATORAMA,DE_Kind_mw_eur_YouTube_3,na,de_kin_p7-8-vnp_mw_eu_other_brand_na,kind,MW,na,brand,na,62024,163,DE_ESS_MARS_MW_Kind_EUR,Compliant,PROGRAMMATIC,DV360-YOUTUBE,8,GERMANY,EUR,EU/CEABT,DACH,170219,42714,915077,2727,45513,41998.01789,514391,0,0,YouTube
DE,DATAROMA_DE_163,DATAROMA_DE_2,DATAROMA_DE_MW_1,7/2/2024,de_kin_p7-8-vnp_mw_eu_other_brand_na_na_dir-nadr_0624_116958,6/30/2024,8/10/2024,7.777777778,176440,Kind,miscellaneous,miscellaneous,DATORAMA,DE_Kind_mw_eur_YouTube_3,na,de_kin_p7-8-vnp_mw_eu_other_brand_na,kind,MW,na,brand,na,62024,163,DE_ESS_MARS_MW_Kind_EUR,Compliant,PROGRAMMATIC,DV360-YOUTUBE,7,GERMANY,EUR,EU/CEABT,DACH,546042,25890,996898,3097,31041,28643.69462,676361,0,0,YouTube
DE,DATAROMA_DE_163,DATAROMA_DE_2,DATAROMA_DE_MW_1,7/28/2024,de_kin_p7-8-vnp_mw_eu_other_brand_na_na_dir-nadr_0624_116958,6/30/2024,8/10/2024,6.916666667,141971,Kind,miscellaneous,miscellaneous,DATORAMA,DE_Kind_mw_eur_YouTube_3,na,de_kin_p7-8-vnp_mw_eu_other_brand_na,kind,MW,na,brand,na,62024,163,DE_ESS_MARS_MW_Kind_EUR,Compliant,PROGRAMMATIC,DV360-YOUTUBE,8,GERMANY,EUR,EU/CEABT,DACH,142629,10654,810889,1047,31300,28882.69198,348879,0,0,YouTube
DE,DATAROMA_DE_163,DATAROMA_DE_2,DATAROMA_DE_MW_1,7/8/2024,de_kin_p7-8-vnp_mw_eu_other_brand_na_na_dir-nadr_0624_116958,6/30/2024,8/10/2024,5.7,244340,Kind,miscellaneous,miscellaneous,DATORAMA,DE_Kind_mw_eur_YouTube_3,na,de_kin_p7-8-vnp_mw_eu_other_brand_na,kind,MW,na,brand,na,62024,163,DE_ESS_MARS_MW_Kind_EUR,Compliant,PROGRAMMATIC,DV360-YOUTUBE,7,GERMANY,EUR,EU/CEABT,DACH,94575,24378,874755,1653,32829,30293.60687,323521,0,0,YouTube
DE,DATAROMA_DE_163,DATAROMA_DE_2,DATAROMA_DE_MW_1,8/4/2024,de_kin_p7-8-vnp_mw_eu_other_brand_na_na_dir-nadr_0624_116958,6/30/2024,8/10/2024,5.5,140837,Kind,miscellaneous,miscellaneous,DATORAMA,DE_Kind_mw_eur_YouTube_3,na,de_kin_p7-8-vnp_mw_eu_other_brand_na,kind,MW,na,brand,na,62024,163,DE_ESS_MARS_MW_Kind_EUR,Compliant,PROGRAMMATIC,DV360-YOUTUBE,8,GERMANY,EUR,EU/CEABT,DACH,171118,14900,719294,1205,25310,23355.3014,308761,0,0,YouTube
DE,DATAROMA_DE_163,DATAROMA_DE_2,DATAROMA_DE_MW_1,7/6/2024,de_kin_p7-8-vnp_mw_eu_other_brand_na_na_dir-nadr_0624_116958,6/30/2024,8/10/2024,7.090909091,135836,Kind,miscellaneous,miscellaneous,DATORAMA,DE_Kind_mw_eur_YouTube_3,na,de_kin_p7-8-vnp_mw_eu_other_brand_na,kind,MW,na,brand,na,62024,163,DE_ESS_MARS_MW_Kind_EUR,Compliant,PROGRAMMATIC,DV360-YOUTUBE,7,GERMANY,EUR,EU/CEABT,DACH,131724,13982,730274,1400,39502,36451.24915,260715,0,0,YouTube
DE,DATAROMA_DE_163,DATAROMA_DE_2,DATAROMA_DE_MW_1,7/21/2024,de_kin_p7-8-vnp_mw_eu_other_brand_na_na_dir-nadr_0624_116958,6/30/2024,8/10/2024,7.428571429,93766,Kind,miscellaneous,miscellaneous,DATORAMA,DE_Kind_mw_eur_YouTube_3,na,de_kin_p7-8-vnp_mw_eu_other_brand_na,kind,MW,na,brand,na,62024,163,DE_ESS_MARS_MW_Kind_EUR,Compliant,PROGRAMMATIC,DV360-YOUTUBE,8,GERMANY,EUR,EU/CEABT,DACH,71514,9553,382392,744,34050,31420.30869,246581,0,0,YouTube
DE,DATAROMA_DE_163,DATAROMA_DE_2,DATAROMA_DE_MW_1,7/4/2024,de_kin_p7-8-vnp_mw_eu_other_brand_na_na_dir-nadr_0624_116958,6/30/2024,8/10/2024,4.818181818,415677,Kind,miscellaneous,miscellaneous,DATORAMA,DE_Kind_mw_eur_YouTube_3,na,de_kin_p7-8-vnp_mw_eu_other_brand_na,kind,MW,na,brand,na,62024,163,DE_ESS_MARS_MW_Kind_EUR,Compliant,PROGRAMMATIC,DV360-YOUTUBE,7,GERMANY,EUR,EU/CEABT,DACH,364480,46938,1243038,3354,44820,41358.53848,655734,0,0,YouTube
DE,DATAROMA_DE_163,DATAROMA_DE_2,DATAROMA_DE_MW_1,8/3/2024,de_kin_p7-8-vnp_mw_eu_other_brand_na_na_dir-nadr_0624_116958,6/30/2024,8/10/2024,5.4,308516,Kind,miscellaneous,miscellaneous,DATORAMA,DE_Kind_mw_eur_YouTube_3,na,de_kin_p7-8-vnp_mw_eu_other_brand_na,kind,MW,na,brand,na,62024,163,DE_ESS_MARS_MW_Kind_EUR,Compliant,PROGRAMMATIC,DV360-YOUTUBE,8,GERMANY,EUR,EU/CEABT,DACH,262508,36820,954518,2365,39517,36465.0907,413363,0,0,YouTube
DE,DATAROMA_DE_163,DATAROMA_DE_2,DATAROMA_DE_MW_1,7/13/2024,de_kin_p7-8-vnp_mw_eu_other_brand_na_na_dir-nadr_0624_116958,6/30/2024,8/10/2024,7.25,239586,Kind,miscellaneous,miscellaneous,DATORAMA,DE_Kind_mw_eur_YouTube_3,na,de_kin_p7-8-vnp_mw_eu_other_brand_na,kind,MW,na,brand,na,62024,163,DE_ESS_MARS_MW_Kind_EUR,Compliant,PROGRAMMATIC,DV360-YOUTUBE,7,GERMANY,EUR,EU/CEABT,DACH,263389,38359,754986,2122,36568,33743.84282,375956,0,0,YouTube
DE,DATAROMA_DE_166,DATAROMA_DE_2,DATAROMA_DE_MW_1,8/19/2024,de_kin_p9-10-vnp_mw_eu_other_brand_na_multiple_social_0824_119510,8/17/2024,10/3/2024,8.266666667,187962,Kind,miscellaneous,miscellaneous,DATORAMA,DE_Kind_mw_eur_YouTube_6,social,de_kin_p9-10-vnp_mw_eu_other_brand_na,kind,MW,na,brand,multiple,82024,166,DE_ESS_MARS_MW_Kind_EUR,Compliant,PROGRAMMATIC,DV360-YOUTUBE,9,GERMANY,EUR,EU/CEABT,DACH,400863,76920,1366670,4595,63772,58846.87006,792358,0,0,YouTube
DE,DATAROMA_DE_166,DATAROMA_DE_2,DATAROMA_DE_MW_1,9/1/2024,de_kin_p9-10-vnp_mw_eu_other_brand_na_multiple_social_0824_119510,8/17/2024,10/3/2024,5.933333333,295631,Kind,miscellaneous,miscellaneous,DATORAMA,DE_Kind_mw_eur_YouTube_6,social,de_kin_p9-10-vnp_mw_eu_other_brand_na,kind,MW,na,brand,multiple,82024,166,DE_ESS_MARS_MW_Kind_EUR,Compliant,PROGRAMMATIC,DV360-YOUTUBE,9,GERMANY,EUR,EU/CEABT,DACH,185086,30528,1450005,3809,68998,63669.26457,649865,0,0,YouTube
DE,DATAROMA_DE_166,DATAROMA_DE_2,DATAROMA_DE_MW_1,8/18/2024,de_kin_p9-10-vnp_mw_eu_other_brand_na_multiple_social_0824_119510,8/17/2024,10/3/2024,5.3,351872,Kind,miscellaneous,miscellaneous,DATORAMA,DE_Kind_mw_eur_YouTube_6,social,de_kin_p9-10-vnp_mw_eu_other_brand_na,kind,MW,na,brand,multiple,82024,166,DE_ESS_MARS_MW_Kind_EUR,Compliant,PROGRAMMATIC,DV360-YOUTUBE,9,GERMANY,EUR,EU/CEABT,DACH,209423,11773,770517,1951,39919,36836.04412,483253,0,0,YouTube
DE,DATAROMA_DE_166,DATAROMA_DE_2,DATAROMA_DE_MW_1,9/16/2024,de_kin_p9-10-vnp_mw_eu_other_brand_na_multiple_social_0824_119510,8/17/2024,10/3/2024,5.555555556,146691,Kind,miscellaneous,miscellaneous,DATORAMA,DE_Kind_mw_eur_YouTube_6,social,de_kin_p9-10-vnp_mw_eu_other_brand_na,kind,MW,na,brand,multiple,82024,166,DE_ESS_MARS_MW_Kind_EUR,Compliant,PROGRAMMATIC,DV360-YOUTUBE,10,GERMANY,EUR,EU/CEABT,DACH,173460,18011,601151,1491,27198,25097.49062,319864,0,0,YouTube
DE,DATAROMA_DE_166,DATAROMA_DE_2,DATAROMA_DE_MW_1,9/26/2024,de_kin_p9-10-vnp_mw_eu_other_brand_na_multiple_social_0824_119510,8/17/2024,10/3/2024,7.428571429,94655,Kind,miscellaneous,miscellaneous,DATORAMA,DE_Kind_mw_eur_YouTube_6,social,de_kin_p9-10-vnp_mw_eu_other_brand_na,kind,MW,na,brand,multiple,82024,166,DE_ESS_MARS_MW_Kind_EUR,Compliant,PROGRAMMATIC,DV360-YOUTUBE,10,GERMANY,EUR,EU/CEABT,DACH,147936,7693,594761,1228,21340,19691.90565,305866,0,0,YouTube
DE,DATAROMA_DE_166,DATAROMA_DE_2,DATAROMA_DE_MW_1,9/25/2024,de_kin_p9-10-vnp_mw_eu_other_brand_na_multiple_social_0824_119510,8/17/2024,10/3/2024,7.375,113032,Kind,miscellaneous,miscellaneous,DATORAMA,DE_Kind_mw_eur_YouTube_6,social,de_kin_p9-10-vnp_mw_eu_other_brand_na,kind,MW,na,brand,multiple,82024,166,DE_ESS_MARS_MW_Kind_EUR,Compliant,PROGRAMMATIC,DV360-YOUTUBE,10,GERMANY,EUR,EU/CEABT,DACH,301460,20982,690796,2089,17440,16093.10377,424500,0,0,YouTube
DE,DATAROMA_DE_166,DATAROMA_DE_2,DATAROMA_DE_MW_1,10/1/2024,de_kin_p9-10-vnp_mw_eu_other_brand_na_multiple_social_0824_119510,8/17/2024,10/3/2024,7.166666667,194343,Kind,miscellaneous,miscellaneous,DATORAMA,DE_Kind_mw_eur_YouTube_6,social,de_kin_p9-10-vnp_mw_eu_other_brand_na,kind,MW,na,brand,multiple,82024,166,DE_ESS_MARS_MW_Kind_EUR,Compliant,PROGRAMMATIC,DV360-YOUTUBE,10,GERMANY,EUR,EU/CEABT,DACH,339338,31949,1080404,1871,30088,27764.29509,618140,0,0,YouTube
DE,DATAROMA_DE_166,DATAROMA_DE_2,DATAROMA_DE_MW_1,9/19/2024,de_kin_p9-10-vnp_mw_eu_other_brand_na_multiple_social_0824_119510,8/17/2024,10/3/2024,7.818181818,188556,Kind,miscellaneous,miscellaneous,DATORAMA,DE_Kind_mw_eur_YouTube_6,social,de_kin_p9-10-vnp_mw_eu_other_brand_na,kind,MW,na,brand,multiple,82024,166,DE_ESS_MARS_MW_Kind_EUR,Compliant,PROGRAMMATIC,DV360-YOUTUBE,10,GERMANY,EUR,EU/CEABT,DACH,222216,30687,1175999,1633,35892,33120.05049,408459,0,0,YouTube
DE,DATAROMA_DE_166,DATAROMA_DE_2,DATAROMA_DE_MW_1,9/29/2024,de_kin_p9-10-vnp_mw_eu_other_brand_na_multiple_social_0824_119510,8/17/2024,10/3/2024,4.571428571,193806,Kind,miscellaneous,miscellaneous,DATORAMA,DE_Kind_mw_eur_YouTube_6,social,de_kin_p9-10-vnp_mw_eu_other_brand_na,kind,MW,na,brand,multiple,82024,166,DE_ESS_MARS_MW_Kind_EUR,Compliant,PROGRAMMATIC,DV360-YOUTUBE,10,GERMANY,EUR,EU/CEABT,DACH,141157,21667,718473,1703,29391,27121.1246,266116,0,0,YouTube
DE,DATAROMA_DE_166,DATAROMA_DE_2,DATAROMA_DE_MW_1,9/4/2024,de_kin_p9-10-vnp_mw_eu_other_brand_na_multiple_social_0824_119510,8/17/2024,10/3/2024,5.888888889,217870,Kind,miscellaneous,miscellaneous,DATORAMA,DE_Kind_mw_eur_YouTube_6,social,de_kin_p9-10-vnp_mw_eu_other_brand_na,kind,MW,na,brand,multiple,82024,166,DE_ESS_MARS_MW_Kind_EUR,Compliant,PROGRAMMATIC,DV360-YOUTUBE,9,GERMANY,EUR,EU/CEABT,DACH,102901,37141,536570,1401,38282,35325.4701,226320,0,0,YouTube
DE,DATAROMA_DE_166,DATAROMA_DE_2,DATAROMA_DE_MW_1,9/24/2024,de_kin_p9-10-vnp_mw_eu_other_brand_na_multiple_social_0824_119510,8/17/2024,10/3/2024,4.857142857,145203,Kind,miscellaneous,miscellaneous,DATORAMA,DE_Kind_mw_eur_YouTube_6,social,de_kin_p9-10-vnp_mw_eu_other_brand_na,kind,MW,na,brand,multiple,82024,166,DE_ESS_MARS_MW_Kind_EUR,Compliant,PROGRAMMATIC,DV360-YOUTUBE,10,GERMANY,EUR,EU/CEABT,DACH,75002,14292,511937,1391,27337,25225.75561,277904,0,0,YouTube
DE,DATAROMA_DE_166,DATAROMA_DE_2,DATAROMA_DE_MW_1,9/30/2024,de_kin_p9-10-vnp_mw_eu_other_brand_na_multiple_social_0824_119510,8/17/2024,10/3/2024,5,210439,Kind,miscellaneous,miscellaneous,DATORAMA,DE_Kind_mw_eur_YouTube_6,social,de_kin_p9-10-vnp_mw_eu_other_brand_na,kind,MW,na,brand,multiple,82024,166,DE_ESS_MARS_MW_Kind_EUR,Compliant,PROGRAMMATIC,DV360-YOUTUBE,10,GERMANY,EUR,EU/CEABT,DACH,39619,10093,603087,612,32031,29557.23664,137418,0,0,YouTube
DE,DATAROMA_DE_166,DATAROMA_DE_2,DATAROMA_DE_MW_1,9/3/2024,de_kin_p9-10-vnp_mw_eu_other_brand_na_multiple_social_0824_119510,8/17/2024,10/3/2024,6.090909091,395866,Kind,miscellaneous,miscellaneous,DATORAMA,DE_Kind_mw_eur_YouTube_6,social,de_kin_p9-10-vnp_mw_eu_other_brand_na,kind,MW,na,brand,multiple,82024,166,DE_ESS_MARS_MW_Kind_EUR,Compliant,PROGRAMMATIC,DV360-YOUTUBE,9,GERMANY,EUR,EU/CEABT,DACH,307182,26622,1001346,4110,33618,31021.67217,615373,0,0,YouTube
DE,DATAROMA_DE_166,DATAROMA_DE_2,DATAROMA_DE_MW_1,8/31/2024,de_kin_p9-10-vnp_mw_eu_other_brand_na_multiple_social_0824_119510,8/17/2024,10/3/2024,6.875,151782,Kind,miscellaneous,miscellaneous,DATORAMA,DE_Kind_mw_eur_YouTube_6,social,de_kin_p9-10-vnp_mw_eu_other_brand_na,kind,MW,na,brand,multiple,82024,166,DE_ESS_MARS_MW_Kind_EUR,Compliant,PROGRAMMATIC,DV360-YOUTUBE,9,GERMANY,EUR,EU/CEABT,DACH,100361,7583,514412,772,30841,28459.14068,192187,0,0,YouTube
DE,DATAROMA_DE_166,DATAROMA_DE_2,DATAROMA_DE_MW_1,9/11/2024,de_kin_p9-10-vnp_mw_eu_other_brand_na_multiple_social_0824_119510,8/17/2024,10/3/2024,7,94757,Kind,miscellaneous,miscellaneous,DATORAMA,DE_Kind_mw_eur_YouTube_6,social,de_kin_p9-10-vnp_mw_eu_other_brand_na,kind,MW,na,brand,multiple,82024,166,DE_ESS_MARS_MW_Kind_EUR,Compliant,PROGRAMMATIC,DV360-YOUTUBE,10,GERMANY,EUR,EU/CEABT,DACH,73363,3653,443767,659,21874,20184.66468,152919,0,0,YouTube
DE,DATAROMA_DE_166,DATAROMA_DE_2,DATAROMA_DE_MW_1,9/21/2024,de_kin_p9-10-vnp_mw_eu_other_brand_na_multiple_social_0824_119510,8/17/2024,10/3/2024,6.384615385,221188,Kind,miscellaneous,miscellaneous,DATORAMA,DE_Kind_mw_eur_YouTube_6,social,de_kin_p9-10-vnp_mw_eu_other_brand_na,kind,MW,na,brand,multiple,82024,166,DE_ESS_MARS_MW_Kind_EUR,Compliant,PROGRAMMATIC,DV360-YOUTUBE,10,GERMANY,EUR,EU/CEABT,DACH,183177,13549,1096504,2414,50857,46929.29923,477587,0,0,YouTube
DE,DATAROMA_DE_166,DATAROMA_DE_2,DATAROMA_DE_MW_1,9/13/2024,de_kin_p9-10-vnp_mw_eu_other_brand_na_multiple_social_0824_119510,8/17/2024,10/3/2024,5.9375,342508,Kind,miscellaneous,miscellaneous,DATORAMA,DE_Kind_mw_eur_YouTube_6,social,de_kin_p9-10-vnp_mw_eu_other_brand_na,kind,MW,na,brand,multiple,82024,166,DE_ESS_MARS_MW_Kind_EUR,Compliant,PROGRAMMATIC,DV360-YOUTUBE,10,GERMANY,EUR,EU/CEABT,DACH,284207,71661,1280190,2866,65430,60376.82224,660043,0,0,YouTube
DE,DATAROMA_DE_166,DATAROMA_DE_2,DATAROMA_DE_MW_1,9/2/2024,de_kin_p9-10-vnp_mw_eu_other_brand_na_multiple_social_0824_119510,8/17/2024,10/3/2024,7.444444444,159357,Kind,miscellaneous,miscellaneous,DATORAMA,DE_Kind_mw_eur_YouTube_6,social,de_kin_p9-10-vnp_mw_eu_other_brand_na,kind,MW,na,brand,multiple,82024,166,DE_ESS_MARS_MW_Kind_EUR,Compliant,PROGRAMMATIC,DV360-YOUTUBE,9,GERMANY,EUR,EU/CEABT,DACH,129940,6538,695722,919,33748,31141.63223,242770,0,0,YouTube
DE,DATAROMA_DE_166,DATAROMA_DE_2,DATAROMA_DE_MW_1,9/20/2024,de_kin_p9-10-vnp_mw_eu_other_brand_na_multiple_social_0824_119510,8/17/2024,10/3/2024,4.75,140690,Kind,miscellaneous,miscellaneous,DATORAMA,DE_Kind_mw_eur_YouTube_6,social,de_kin_p9-10-vnp_mw_eu_other_brand_na,kind,MW,na,brand,multiple,82024,166,DE_ESS_MARS_MW_Kind_EUR,Compliant,PROGRAMMATIC,DV360-YOUTUBE,10,GERMANY,EUR,EU/CEABT,DACH,70936,16210,564591,804,43335,39988.22546,117322,0,0,YouTube
DE,DATAROMA_DE_166,DATAROMA_DE_2,DATAROMA_DE_MW_1,9/7/2024,de_kin_p9-10-vnp_mw_eu_other_brand_na_multiple_social_0824_119510,8/17/2024,10/3/2024,6.777777778,180954,Kind,miscellaneous,miscellaneous,DATORAMA,DE_Kind_mw_eur_YouTube_6,social,de_kin_p9-10-vnp_mw_eu_other_brand_na,kind,MW,na,brand,multiple,82024,166,DE_ESS_MARS_MW_Kind_EUR,Compliant,PROGRAMMATIC,DV360-YOUTUBE,9,GERMANY,EUR,EU/CEABT,DACH,248859,48244,893263,2473,35461,32722.33675,450467,0,0,YouTube
DE,DATAROMA_DE_166,DATAROMA_DE_2,DATAROMA_DE_MW_1,9/14/2024,de_kin_p9-10-vnp_mw_eu_other_brand_na_multiple_social_0824_119510,8/17/2024,10/3/2024,7.2,152889,Kind,miscellaneous,miscellaneous,DATORAMA,DE_Kind_mw_eur_YouTube_6,social,de_kin_p9-10-vnp_mw_eu_other_brand_na,kind,MW,na,brand,multiple,82024,166,DE_ESS_MARS_MW_Kind_EUR,Compliant,PROGRAMMATIC,DV360-YOUTUBE,10,GERMANY,EUR,EU/CEABT,DACH,179696,17488,937252,1763,47128,43488.29097,425368,0,0,YouTube
DE,DATAROMA_DE_166,DATAROMA_DE_2,DATAROMA_DE_MW_1,9/27/2024,de_kin_p9-10-vnp_mw_eu_other_brand_na_multiple_social_0824_119510,8/17/2024,10/3/2024,5,167944,Kind,miscellaneous,miscellaneous,DATORAMA,DE_Kind_mw_eur_YouTube_6,social,de_kin_p9-10-vnp_mw_eu_other_brand_na,kind,MW,na,brand,multiple,82024,166,DE_ESS_MARS_MW_Kind_EUR,Compliant,PROGRAMMATIC,DV360-YOUTUBE,10,GERMANY,EUR,EU/CEABT,DACH,137749,14381,750823,1715,40836,37682.22395,337381,0,0,YouTube
DE,DATAROMA_DE_166,DATAROMA_DE_2,DATAROMA_DE_MW_1,9/22/2024,de_kin_p9-10-vnp_mw_eu_other_brand_na_multiple_social_0824_119510,8/17/2024,10/3/2024,6.666666667,253240,Kind,miscellaneous,miscellaneous,DATORAMA,DE_Kind_mw_eur_YouTube_6,social,de_kin_p9-10-vnp_mw_eu_other_brand_na,kind,MW,na,brand,multiple,82024,166,DE_ESS_MARS_MW_Kind_EUR,Compliant,PROGRAMMATIC,DV360-YOUTUBE,10,GERMANY,EUR,EU/CEABT,DACH,273783,36527,1138036,2617,42794,39489.00705,658485,0,0,YouTube
DE,DATAROMA_DE_166,DATAROMA_DE_2,DATAROMA_DE_MW_1,8/22/2024,de_kin_p9-10-vnp_mw_eu_other_brand_na_multiple_social_0824_119510,8/17/2024,10/3/2024,5.769230769,262270,Kind,miscellaneous,miscellaneous,DATORAMA,DE_Kind_mw_eur_YouTube_6,social,de_kin_p9-10-vnp_mw_eu_other_brand_na,kind,MW,na,brand,multiple,82024,166,DE_ESS_MARS_MW_Kind_EUR,Compliant,PROGRAMMATIC,DV360-YOUTUBE,9,GERMANY,EUR,EU/CEABT,DACH,241878,32497,1069220,2101,47252,43602.71442,493702,0,0,YouTube
DE,DATAROMA_DE_166,DATAROMA_DE_2,DATAROMA_DE_MW_1,9/6/2024,de_kin_p9-10-vnp_mw_eu_other_brand_na_multiple_social_0824_119510,8/17/2024,10/3/2024,7.571428571,149781,Kind,miscellaneous,miscellaneous,DATORAMA,DE_Kind_mw_eur_YouTube_6,social,de_kin_p9-10-vnp_mw_eu_other_brand_na,kind,MW,na,brand,multiple,82024,166,DE_ESS_MARS_MW_Kind_EUR,Compliant,PROGRAMMATIC,DV360-YOUTUBE,9,GERMANY,EUR,EU/CEABT,DACH,113791,17714,556872,714,30070,27747.68523,253240,0,0,YouTube
DE,DATAROMA_DE_166,DATAROMA_DE_2,DATAROMA_DE_MW_1,10/3/2024,de_kin_p9-10-vnp_mw_eu_other_brand_na_multiple_social_0824_119510,8/17/2024,10/3/2024,6,299936,Kind,miscellaneous,miscellaneous,DATORAMA,DE_Kind_mw_eur_YouTube_6,social,de_kin_p9-10-vnp_mw_eu_other_brand_na,kind,MW,na,brand,multiple,82024,166,DE_ESS_MARS_MW_Kind_EUR,Compliant,PROGRAMMATIC,DV360-YOUTUBE,10,GERMANY,EUR,EU/CEABT,DACH,125004,15028,763118,1832,30368,28022.67061,325236,0,0,YouTube
DE,DATAROMA_DE_166,DATAROMA_DE_2,DATAROMA_DE_MW_1,9/28/2024,de_kin_p9-10-vnp_mw_eu_other_brand_na_multiple_social_0824_119510,8/17/2024,10/3/2024,5.6,308249,Kind,miscellaneous,miscellaneous,DATORAMA,DE_Kind_mw_eur_YouTube_6,social,de_kin_p9-10-vnp_mw_eu_other_brand_na,kind,MW,na,brand,multiple,82024,166,DE_ESS_MARS_MW_Kind_EUR,Compliant,PROGRAMMATIC,DV360-YOUTUBE,10,GERMANY,EUR,EU/CEABT,DACH,202456,38645,1076014,2815,27443,25323.5692,541530,0,0,YouTube
DE,DATAROMA_DE_166,DATAROMA_DE_2,DATAROMA_DE_MW_1,8/27/2024,de_kin_p9-10-vnp_mw_eu_other_brand_na_multiple_social_0824_119510,8/17/2024,10/3/2024,4.714285714,311080,Kind,miscellaneous,miscellaneous,DATORAMA,DE_Kind_mw_eur_YouTube_6,social,de_kin_p9-10-vnp_mw_eu_other_brand_na,kind,MW,na,brand,multiple,82024,166,DE_ESS_MARS_MW_Kind_EUR,Compliant,PROGRAMMATIC,DV360-YOUTUBE,9,GERMANY,EUR,EU/CEABT,DACH,214015,54714,730837,2371,22188,20474.41436,559569,0,0,YouTube
DE,DATAROMA_DE_166,DATAROMA_DE_2,DATAROMA_DE_MW_1,8/29/2024,de_kin_p9-10-vnp_mw_eu_other_brand_na_multiple_social_0824_119510,8/17/2024,10/3/2024,8.625,55660,Kind,miscellaneous,miscellaneous,DATORAMA,DE_Kind_mw_eur_YouTube_6,social,de_kin_p9-10-vnp_mw_eu_other_brand_na,kind,MW,na,brand,multiple,82024,166,DE_ESS_MARS_MW_Kind_EUR,Compliant,PROGRAMMATIC,DV360-YOUTUBE,9,GERMANY,EUR,EU/CEABT,DACH,117541,11283,482115,1108,23391,21584.50633,190373,0,0,YouTube
DE,DATAROMA_DE_166,DATAROMA_DE_2,DATAROMA_DE_MW_1,8/23/2024,de_kin_p9-10-vnp_mw_eu_other_brand_na_multiple_social_0824_119510,8/17/2024,10/3/2024,3.444444444,401635,Kind,miscellaneous,miscellaneous,DATORAMA,DE_Kind_mw_eur_YouTube_6,social,de_kin_p9-10-vnp_mw_eu_other_brand_na,kind,MW,na,brand,multiple,82024,166,DE_ESS_MARS_MW_Kind_EUR,Compliant,PROGRAMMATIC,DV360-YOUTUBE,9,GERMANY,EUR,EU/CEABT,DACH,183298,37404,876369,919,47672,43990.2777,374343,0,0,YouTube
DE,DATAROMA_DE_166,DATAROMA_DE_2,DATAROMA_DE_MW_1,8/17/2024,de_kin_p9-10-vnp_mw_eu_other_brand_na_multiple_social_0824_119510,8/17/2024,10/3/2024,7.888888889,141403,Kind,miscellaneous,miscellaneous,DATORAMA,DE_Kind_mw_eur_YouTube_6,social,de_kin_p9-10-vnp_mw_eu_other_brand_na,kind,MW,na,brand,multiple,82024,166,DE_ESS_MARS_MW_Kind_EUR,Compliant,PROGRAMMATIC,DV360-YOUTUBE,9,GERMANY,EUR,EU/CEABT,DACH,237772,31746,913616,1985,37256,34378.70838,377739,948206.4384,874976.1818,YouTube
DE,DATAROMA_DE_166,DATAROMA_DE_2,DATAROMA_DE_MW_1,9/8/2024,de_kin_p9-10-vnp_mw_eu_other_brand_na_multiple_social_0824_119510,8/17/2024,10/3/2024,6,309130,Kind,miscellaneous,miscellaneous,DATORAMA,DE_Kind_mw_eur_YouTube_6,social,de_kin_p9-10-vnp_mw_eu_other_brand_na,kind,MW,na,brand,multiple,82024,166,DE_ESS_MARS_MW_Kind_EUR,Compliant,PROGRAMMATIC,DV360-YOUTUBE,10,GERMANY,EUR,EU/CEABT,DACH,365807,74551,1331293,3078,48845,45072.68657,855545,0,0,YouTube
DE,DATAROMA_DE_166,DATAROMA_DE_2,DATAROMA_DE_MW_1,8/24/2024,de_kin_p9-10-vnp_mw_eu_other_brand_na_multiple_social_0824_119510,8/17/2024,10/3/2024,7.285714286,171543,Kind,miscellaneous,miscellaneous,DATORAMA,DE_Kind_mw_eur_YouTube_6,social,de_kin_p9-10-vnp_mw_eu_other_brand_na,kind,MW,na,brand,multiple,82024,166,DE_ESS_MARS_MW_Kind_EUR,Compliant,PROGRAMMATIC,DV360-YOUTUBE,9,GERMANY,EUR,EU/CEABT,DACH,58061,9749,568575,1655,24110,22247.97775,337415,0,0,YouTube
DE,DATAROMA_DE_166,DATAROMA_DE_2,DATAROMA_DE_MW_1,8/20/2024,de_kin_p9-10-vnp_mw_eu_other_brand_na_multiple_social_0824_119510,8/17/2024,10/3/2024,6.8,182529,Kind,miscellaneous,miscellaneous,DATORAMA,DE_Kind_mw_eur_YouTube_6,social,de_kin_p9-10-vnp_mw_eu_other_brand_na,kind,MW,na,brand,multiple,82024,166,DE_ESS_MARS_MW_Kind_EUR,Compliant,PROGRAMMATIC,DV360-YOUTUBE,9,GERMANY,EUR,EU/CEABT,DACH,275897,27961,897299,3492,42933,39617.27204,552731,0,0,YouTube
DE,DATAROMA_DE_166,DATAROMA_DE_2,DATAROMA_DE_MW_1,9/12/2024,de_kin_p9-10-vnp_mw_eu_other_brand_na_multiple_social_0824_119510,8/17/2024,10/3/2024,4.428571429,133460,Kind,miscellaneous,miscellaneous,DATORAMA,DE_Kind_mw_eur_YouTube_6,social,de_kin_p9-10-vnp_mw_eu_other_brand_na,kind,MW,na,brand,multiple,82024,166,DE_ESS_MARS_MW_Kind_EUR,Compliant,PROGRAMMATIC,DV360-YOUTUBE,10,GERMANY,EUR,EU/CEABT,DACH,72827,8436,413741,1151,25834,23838.83273,186125,0,0,YouTube
DE,DATAROMA_DE_173,DATAROMA_DE_2,DATAROMA_DE_MW_1,2/6/2024,de_kin_p2-3-vnp_mw_eu_other_brand_olv_awareness_bid-nadr_0224_112399,2/2/2024,3/9/2024,6.941176471,395514,Kind,miscellaneous,miscellaneous,DATORAMA,DE_M&Ms_mw_eur_YouTube_4,na,de_kin_p2-3-vnp_mw_eu_other_brand_olv,kind,MW,olv,brand,awareness,22024,173,DE_ESS_MARS_MW_M&Ms_EUR,Compliant,PROGRAMMATIC,DV360-YOUTUBE,2,GERMANY,EUR,EU/CEABT,DACH,447416,67570,1729489,4241,53567,49430.00515,805130,0,0,YouTube
DE,DATAROMA_DE_173,DATAROMA_DE_2,DATAROMA_DE_MW_1,2/19/2024,de_kin_p2-3-vnp_mw_eu_other_brand_olv_awareness_bid-nadr_0224_112399,2/2/2024,3/9/2024,6,283259,Kind,miscellaneous,miscellaneous,DATORAMA,DE_M&Ms_mw_eur_YouTube_4,na,de_kin_p2-3-vnp_mw_eu_other_brand_olv,kind,MW,olv,brand,awareness,22024,173,DE_ESS_MARS_MW_M&Ms_EUR,Compliant,PROGRAMMATIC,DV360-YOUTUBE,2,GERMANY,EUR,EU/CEABT,DACH,201514,38330,1309490,4319,59028,54469.25054,711946,0,0,YouTube
DE,DATAROMA_DE_173,DATAROMA_DE_2,DATAROMA_DE_MW_1,2/10/2024,de_kin_p2-3-vnp_mw_eu_other_brand_olv_awareness_bid-nadr_0224_112399,2/2/2024,3/9/2024,6.6875,325043,Kind,miscellaneous,miscellaneous,DATORAMA,DE_M&Ms_mw_eur_YouTube_4,na,de_kin_p2-3-vnp_mw_eu_other_brand_olv,kind,MW,olv,brand,awareness,22024,173,DE_ESS_MARS_MW_M&Ms_EUR,Compliant,PROGRAMMATIC,DV360-YOUTUBE,2,GERMANY,EUR,EU/CEABT,DACH,281994,37054,1235715,3881,60717,56027.80859,645825,0,0,YouTube
DE,DATAROMA_DE_173,DATAROMA_DE_2,DATAROMA_DE_MW_1,3/7/2024,de_kin_p2-3-vnp_mw_eu_other_brand_olv_awareness_bid-nadr_0224_112399,2/2/2024,3/9/2024,6.111111111,145554,Kind,miscellaneous,miscellaneous,DATORAMA,DE_M&Ms_mw_eur_YouTube_4,na,de_kin_p2-3-vnp_mw_eu_other_brand_olv,kind,MW,olv,brand,awareness,22024,173,DE_ESS_MARS_MW_M&Ms_EUR,Compliant,PROGRAMMATIC,DV360-YOUTUBE,3,GERMANY,EUR,EU/CEABT,DACH,204406,59598,752457,1844,26688,24626.87807,360802,0,0,YouTube
DE,DATAROMA_DE_173,DATAROMA_DE_2,DATAROMA_DE_MW_1,3/9/2024,de_kin_p2-3-vnp_mw_eu_other_brand_olv_awareness_bid-nadr_0224_112399,2/2/2024,3/9/2024,4.866666667,550672,Kind,miscellaneous,miscellaneous,DATORAMA,DE_M&Ms_mw_eur_YouTube_4,na,de_kin_p2-3-vnp_mw_eu_other_brand_olv,kind,MW,olv,brand,awareness,22024,173,DE_ESS_MARS_MW_M&Ms_EUR,Compliant,PROGRAMMATIC,DV360-YOUTUBE,3,GERMANY,EUR,EU/CEABT,DACH,569547,38168,1739197,5279,69425,64063.28724,989214,0,0,YouTube
DE,DATAROMA_DE_173,DATAROMA_DE_2,DATAROMA_DE_MW_1,2/27/2024,de_kin_p2-3-vnp_mw_eu_other_brand_olv_awareness_bid-nadr_0224_112399,2/2/2024,3/9/2024,6.454545455,312743,Kind,miscellaneous,miscellaneous,DATORAMA,DE_M&Ms_mw_eur_YouTube_4,na,de_kin_p2-3-vnp_mw_eu_other_brand_olv,kind,MW,olv,brand,awareness,22024,173,DE_ESS_MARS_MW_M&Ms_EUR,Compliant,PROGRAMMATIC,DV360-YOUTUBE,3,GERMANY,EUR,EU/CEABT,DACH,206404,53883,1370574,3943,29257,26997.47346,576133,0,0,YouTube
DE,DATAROMA_DE_173,DATAROMA_DE_2,DATAROMA_DE_MW_1,3/5/2024,de_kin_p2-3-vnp_mw_eu_other_brand_olv_awareness_bid-nadr_0224_112399,2/2/2024,3/9/2024,6.777777778,130605,Kind,miscellaneous,miscellaneous,DATORAMA,DE_M&Ms_mw_eur_YouTube_4,na,de_kin_p2-3-vnp_mw_eu_other_brand_olv,kind,MW,olv,brand,awareness,22024,173,DE_ESS_MARS_MW_M&Ms_EUR,Compliant,PROGRAMMATIC,DV360-YOUTUBE,3,GERMANY,EUR,EU/CEABT,DACH,90101,3585,375012,1449,39941,36856.34506,262111,0,0,YouTube
DE,DATAROMA_DE_173,DATAROMA_DE_2,DATAROMA_DE_MW_1,2/29/2024,de_kin_p2-3-vnp_mw_eu_other_brand_olv_awareness_bid-nadr_0224_112399,2/2/2024,3/9/2024,6.909090909,254964,Kind,miscellaneous,miscellaneous,DATORAMA,DE_M&Ms_mw_eur_YouTube_4,na,de_kin_p2-3-vnp_mw_eu_other_brand_olv,kind,MW,olv,brand,awareness,22024,173,DE_ESS_MARS_MW_M&Ms_EUR,Compliant,PROGRAMMATIC,DV360-YOUTUBE,3,GERMANY,EUR,EU/CEABT,DACH,189218,7162,850455,2440,54395,50194.05847,338816,0,0,YouTube
DE,DATAROMA_DE_173,DATAROMA_DE_2,DATAROMA_DE_MW_1,2/4/2024,de_kin_p2-3-vnp_mw_eu_other_brand_olv_awareness_bid-nadr_0224_112399,2/2/2024,3/9/2024,5.727272727,96091,Kind,miscellaneous,miscellaneous,DATORAMA,DE_M&Ms_mw_eur_YouTube_4,na,de_kin_p2-3-vnp_mw_eu_other_brand_olv,kind,MW,olv,brand,awareness,22024,173,DE_ESS_MARS_MW_M&Ms_EUR,Compliant,PROGRAMMATIC,DV360-YOUTUBE,2,GERMANY,EUR,EU/CEABT,DACH,145490,45034,590774,2084,44117,40709.83137,421467,0,0,YouTube
DE,DATAROMA_DE_173,DATAROMA_DE_2,DATAROMA_DE_MW_1,2/3/2024,de_kin_p2-3-vnp_mw_eu_other_brand_olv_awareness_bid-nadr_0224_112399,2/2/2024,3/9/2024,7.7,151762,Kind,miscellaneous,miscellaneous,DATORAMA,DE_M&Ms_mw_eur_YouTube_4,na,de_kin_p2-3-vnp_mw_eu_other_brand_olv,kind,MW,olv,brand,awareness,22024,173,DE_ESS_MARS_MW_M&Ms_EUR,Compliant,PROGRAMMATIC,DV360-YOUTUBE,2,GERMANY,EUR,EU/CEABT,DACH,232027,36589,916551,2436,49739,45897.64269,466432,0,0,YouTube
DE,DATAROMA_DE_173,DATAROMA_DE_2,DATAROMA_DE_MW_1,3/8/2024,de_kin_p2-3-vnp_mw_eu_other_brand_olv_awareness_bid-nadr_0224_112399,2/2/2024,3/9/2024,5.307692308,500205,Kind,miscellaneous,miscellaneous,DATORAMA,DE_M&Ms_mw_eur_YouTube_4,na,de_kin_p2-3-vnp_mw_eu_other_brand_olv,kind,MW,olv,brand,awareness,22024,173,DE_ESS_MARS_MW_M&Ms_EUR,Compliant,PROGRAMMATIC,DV360-YOUTUBE,3,GERMANY,EUR,EU/CEABT,DACH,259907,24711,1122392,3368,49309,45500.85172,598746,0,0,YouTube
DE,DATAROMA_DE_173,DATAROMA_DE_2,DATAROMA_DE_MW_1,2/21/2024,de_kin_p2-3-vnp_mw_eu_other_brand_olv_awareness_bid-nadr_0224_112399,2/2/2024,3/9/2024,5.555555556,432516,Kind,miscellaneous,miscellaneous,DATORAMA,DE_M&Ms_mw_eur_YouTube_4,na,de_kin_p2-3-vnp_mw_eu_other_brand_olv,kind,MW,olv,brand,awareness,22024,173,DE_ESS_MARS_MW_M&Ms_EUR,Compliant,PROGRAMMATIC,DV360-YOUTUBE,2,GERMANY,EUR,EU/CEABT,DACH,169066,9296,786510,2284,38413,35446.35294,399958,0,0,YouTube
DE,DATAROMA_DE_173,DATAROMA_DE_2,DATAROMA_DE_MW_1,2/24/2024,de_kin_p2-3-vnp_mw_eu_other_brand_olv_awareness_bid-nadr_0224_112399,2/2/2024,3/9/2024,6.692307692,399059,Kind,miscellaneous,miscellaneous,DATORAMA,DE_M&Ms_mw_eur_YouTube_4,na,de_kin_p2-3-vnp_mw_eu_other_brand_olv,kind,MW,olv,brand,awareness,22024,173,DE_ESS_MARS_MW_M&Ms_EUR,Compliant,PROGRAMMATIC,DV360-YOUTUBE,2,GERMANY,EUR,EU/CEABT,DACH,469261,74252,1509442,4480,53811,49655.16096,867436,0,0,YouTube
DE,DATAROMA_DE_173,DATAROMA_DE_2,DATAROMA_DE_MW_1,2/20/2024,de_kin_p2-3-vnp_mw_eu_other_brand_olv_awareness_bid-nadr_0224_112399,2/2/2024,3/9/2024,7.666666667,140051,Kind,miscellaneous,miscellaneous,DATORAMA,DE_M&Ms_mw_eur_YouTube_4,na,de_kin_p2-3-vnp_mw_eu_other_brand_olv,kind,MW,olv,brand,awareness,22024,173,DE_ESS_MARS_MW_M&Ms_EUR,Compliant,PROGRAMMATIC,DV360-YOUTUBE,2,GERMANY,EUR,EU/CEABT,DACH,132025,12440,647481,771,41875,38640.98168,161868,0,0,YouTube
DE,DATAROMA_DE_173,DATAROMA_DE_2,DATAROMA_DE_MW_1,3/4/2024,de_kin_p2-3-vnp_mw_eu_other_brand_olv_awareness_bid-nadr_0224_112399,2/2/2024,3/9/2024,7.7,151948,Kind,miscellaneous,miscellaneous,DATORAMA,DE_M&Ms_mw_eur_YouTube_4,na,de_kin_p2-3-vnp_mw_eu_other_brand_olv,kind,MW,olv,brand,awareness,22024,173,DE_ESS_MARS_MW_M&Ms_EUR,Compliant,PROGRAMMATIC,DV360-YOUTUBE,3,GERMANY,EUR,EU/CEABT,DACH,328764,38329,946398,2272,29274,27013.16054,552278,0,0,YouTube
DE,DATAROMA_DE_173,DATAROMA_DE_2,DATAROMA_DE_MW_1,2/16/2024,de_kin_p2-3-vnp_mw_eu_other_brand_olv_awareness_bid-nadr_0224_112399,2/2/2024,3/9/2024,4.823529412,532784,Kind,miscellaneous,miscellaneous,DATORAMA,DE_M&Ms_mw_eur_YouTube_4,na,de_kin_p2-3-vnp_mw_eu_other_brand_olv,kind,MW,olv,brand,awareness,22024,173,DE_ESS_MARS_MW_M&Ms_EUR,Compliant,PROGRAMMATIC,DV360-YOUTUBE,2,GERMANY,EUR,EU/CEABT,DACH,401799,64685,1490724,5230,47346,43689.45477,668320,0,0,YouTube
DE,DATAROMA_DE_173,DATAROMA_DE_2,DATAROMA_DE_MW_1,3/1/2024,de_kin_p2-3-vnp_mw_eu_other_brand_olv_awareness_bid-nadr_0224_112399,2/2/2024,3/9/2024,6.375,235420,Kind,miscellaneous,miscellaneous,DATORAMA,DE_M&Ms_mw_eur_YouTube_4,na,de_kin_p2-3-vnp_mw_eu_other_brand_olv,kind,MW,olv,brand,awareness,22024,173,DE_ESS_MARS_MW_M&Ms_EUR,Compliant,PROGRAMMATIC,DV360-YOUTUBE,3,GERMANY,EUR,EU/CEABT,DACH,146788,18851,681687,2129,30675,28305.96091,360306,0,0,YouTube
DE,DATAROMA_DE_173,DATAROMA_DE_2,DATAROMA_DE_MW_1,2/5/2024,de_kin_p2-3-vnp_mw_eu_other_brand_olv_awareness_bid-nadr_0224_112399,2/2/2024,3/9/2024,5.818181818,291012,Kind,miscellaneous,miscellaneous,DATORAMA,DE_M&Ms_mw_eur_YouTube_4,na,de_kin_p2-3-vnp_mw_eu_other_brand_olv,kind,MW,olv,brand,awareness,22024,173,DE_ESS_MARS_MW_M&Ms_EUR,Compliant,PROGRAMMATIC,DV360-YOUTUBE,2,GERMANY,EUR,EU/CEABT,DACH,276639,18138,972314,2074,37340,34456.22104,382483,0,0,YouTube
DE,DATAROMA_DE_173,DATAROMA_DE_2,DATAROMA_DE_MW_1,3/6/2024,de_kin_p2-3-vnp_mw_eu_other_brand_olv_awareness_bid-nadr_0224_112399,2/2/2024,3/9/2024,6.133333333,266303,Kind,miscellaneous,miscellaneous,DATORAMA,DE_M&Ms_mw_eur_YouTube_4,na,de_kin_p2-3-vnp_mw_eu_other_brand_olv,kind,MW,olv,brand,awareness,22024,173,DE_ESS_MARS_MW_M&Ms_EUR,Compliant,PROGRAMMATIC,DV360-YOUTUBE,3,GERMANY,EUR,EU/CEABT,DACH,290167,42218,1090311,3806,58985,54429.57145,623745,0,0,YouTube
DE,DATAROMA_DE_173,DATAROMA_DE_2,DATAROMA_DE_MW_1,2/23/2024,de_kin_p2-3-vnp_mw_eu_other_brand_olv_awareness_bid-nadr_0224_112399,2/2/2024,3/9/2024,7.117647059,287930,Kind,miscellaneous,miscellaneous,DATORAMA,DE_M&Ms_mw_eur_YouTube_4,na,de_kin_p2-3-vnp_mw_eu_other_brand_olv,kind,MW,olv,brand,awareness,22024,173,DE_ESS_MARS_MW_M&Ms_EUR,Compliant,PROGRAMMATIC,DV360-YOUTUBE,2,GERMANY,EUR,EU/CEABT,DACH,307947,29131,1459197,3025,72249,66669.1889,718282,0,0,YouTube
DE,DATAROMA_DE_173,DATAROMA_DE_2,DATAROMA_DE_MW_1,2/8/2024,de_kin_p2-3-vnp_mw_eu_other_brand_olv_awareness_bid-nadr_0224_112399,2/2/2024,3/9/2024,6.071428571,572610,Kind,miscellaneous,miscellaneous,DATORAMA,DE_M&Ms_mw_eur_YouTube_4,na,de_kin_p2-3-vnp_mw_eu_other_brand_olv,kind,MW,olv,brand,awareness,22024,173,DE_ESS_MARS_MW_M&Ms_EUR,Compliant,PROGRAMMATIC,DV360-YOUTUBE,2,GERMANY,EUR,EU/CEABT,DACH,475281,43708,1435943,4410,41630,38414.9031,825907,0,0,YouTube
DE,DATAROMA_DE_173,DATAROMA_DE_2,DATAROMA_DE_MW_1,2/14/2024,de_kin_p2-3-vnp_mw_eu_other_brand_olv_awareness_bid-nadr_0224_112399,2/2/2024,3/9/2024,6.75,86019,Kind,miscellaneous,miscellaneous,DATORAMA,DE_M&Ms_mw_eur_YouTube_4,na,de_kin_p2-3-vnp_mw_eu_other_brand_olv,kind,MW,olv,brand,awareness,22024,173,DE_ESS_MARS_MW_M&Ms_EUR,Compliant,PROGRAMMATIC,DV360-YOUTUBE,2,GERMANY,EUR,EU/CEABT,DACH,130735,4162,522863,1290,31213,28802.41101,259353,0,0,YouTube
DE,DATAROMA_DE_173,DATAROMA_DE_2,DATAROMA_DE_MW_1,2/26/2024,de_kin_p2-3-vnp_mw_eu_other_brand_olv_awareness_bid-nadr_0224_112399,2/2/2024,3/9/2024,6.866666667,415680,Kind,miscellaneous,miscellaneous,DATORAMA,DE_M&Ms_mw_eur_YouTube_4,na,de_kin_p2-3-vnp_mw_eu_other_brand_olv,kind,MW,olv,brand,awareness,22024,173,DE_ESS_MARS_MW_M&Ms_EUR,Compliant,PROGRAMMATIC,DV360-YOUTUBE,3,GERMANY,EUR,EU/CEABT,DACH,554900,81679,1496651,4951,62518,57689.71684,914015,0,0,YouTube
DE,DATAROMA_DE_173,DATAROMA_DE_2,DATAROMA_DE_MW_1,2/7/2024,de_kin_p2-3-vnp_mw_eu_other_brand_olv_awareness_bid-nadr_0224_112399,2/2/2024,3/9/2024,4.75,267141,Kind,miscellaneous,miscellaneous,DATORAMA,DE_M&Ms_mw_eur_YouTube_4,na,de_kin_p2-3-vnp_mw_eu_other_brand_olv,kind,MW,olv,brand,awareness,22024,173,DE_ESS_MARS_MW_M&Ms_EUR,Compliant,PROGRAMMATIC,DV360-YOUTUBE,2,GERMANY,EUR,EU/CEABT,DACH,152541,44250,659258,1676,27411,25294.04057,355883,0,0,YouTube
DE,DATAROMA_DE_173,DATAROMA_DE_2,DATAROMA_DE_MW_1,2/22/2024,de_kin_p2-3-vnp_mw_eu_other_brand_olv_awareness_bid-nadr_0224_112399,2/2/2024,3/9/2024,6.6,343053,Kind,miscellaneous,miscellaneous,DATORAMA,DE_M&Ms_mw_eur_YouTube_4,na,de_kin_p2-3-vnp_mw_eu_other_brand_olv,kind,MW,olv,brand,awareness,22024,173,DE_ESS_MARS_MW_M&Ms_EUR,Compliant,PROGRAMMATIC,DV360-YOUTUBE,2,GERMANY,EUR,EU/CEABT,DACH,324430,30448,1260914,3969,66215,61101.19646,643983,0,0,YouTube
DE,DATAROMA_DE_173,DATAROMA_DE_2,DATAROMA_DE_MW_1,2/28/2024,de_kin_p2-3-vnp_mw_eu_other_brand_olv_awareness_bid-nadr_0224_112399,2/2/2024,3/9/2024,7.428571429,305852,Kind,miscellaneous,miscellaneous,DATORAMA,DE_M&Ms_mw_eur_YouTube_4,na,de_kin_p2-3-vnp_mw_eu_other_brand_olv,kind,MW,olv,brand,awareness,22024,173,DE_ESS_MARS_MW_M&Ms_EUR,Compliant,PROGRAMMATIC,DV360-YOUTUBE,3,GERMANY,EUR,EU/CEABT,DACH,416183,32264,1476344,3896,55824,51512.69639,690769,0,0,YouTube
DE,DATAROMA_DE_173,DATAROMA_DE_2,DATAROMA_DE_MW_1,2/12/2024,de_kin_p2-3-vnp_mw_eu_other_brand_olv_awareness_bid-nadr_0224_112399,2/2/2024,3/9/2024,5.727272727,203314,Kind,miscellaneous,miscellaneous,DATORAMA,DE_M&Ms_mw_eur_YouTube_4,na,de_kin_p2-3-vnp_mw_eu_other_brand_olv,kind,MW,olv,brand,awareness,22024,173,DE_ESS_MARS_MW_M&Ms_EUR,Compliant,PROGRAMMATIC,DV360-YOUTUBE,2,GERMANY,EUR,EU/CEABT,DACH,173197,48072,967046,2036,52402,48354.97843,432245,0,0,YouTube
DE,DATAROMA_DE_173,DATAROMA_DE_2,DATAROMA_DE_MW_1,2/9/2024,de_kin_p2-3-vnp_mw_eu_other_brand_olv_awareness_bid-nadr_0224_112399,2/2/2024,3/9/2024,7.416666667,192401,Kind,miscellaneous,miscellaneous,DATORAMA,DE_M&Ms_mw_eur_YouTube_4,na,de_kin_p2-3-vnp_mw_eu_other_brand_olv,kind,MW,olv,brand,awareness,22024,173,DE_ESS_MARS_MW_M&Ms_EUR,Compliant,PROGRAMMATIC,DV360-YOUTUBE,2,GERMANY,EUR,EU/CEABT,DACH,345974,24669,1298594,4038,60582,55903.23468,580452,0,0,YouTube
DE,DATAROMA_DE_173,DATAROMA_DE_2,DATAROMA_DE_MW_1,2/2/2024,de_kin_p2-3-vnp_mw_eu_other_brand_olv_awareness_bid-nadr_0224_112399,2/2/2024,3/9/2024,7.055555556,338347,Kind,miscellaneous,miscellaneous,DATORAMA,DE_M&Ms_mw_eur_YouTube_4,na,de_kin_p2-3-vnp_mw_eu_other_brand_olv,kind,MW,olv,brand,awareness,22024,173,DE_ESS_MARS_MW_M&Ms_EUR,Compliant,PROGRAMMATIC,DV360-YOUTUBE,2,GERMANY,EUR,EU/CEABT,DACH,454855,45915,1553820,3693,62136,57337.21881,835271,2544500.028,2347987.558,YouTube
DE,DATAROMA_DE_173,DATAROMA_DE_2,DATAROMA_DE_MW_1,3/2/2024,de_kin_p2-3-vnp_mw_eu_other_brand_olv_awareness_bid-nadr_0224_112399,2/2/2024,3/9/2024,3.666666667,257986,Kind,miscellaneous,miscellaneous,DATORAMA,DE_M&Ms_mw_eur_YouTube_4,na,de_kin_p2-3-vnp_mw_eu_other_brand_olv,kind,MW,olv,brand,awareness,22024,173,DE_ESS_MARS_MW_M&Ms_EUR,Compliant,PROGRAMMATIC,DV360-YOUTUBE,3,GERMANY,EUR,EU/CEABT,DACH,269582,6369,710708,2162,22197,20482.71929,431654,0,0,YouTube
DE,DATAROMA_DE_173,DATAROMA_DE_2,DATAROMA_DE_MW_1,2/11/2024,de_kin_p2-3-vnp_mw_eu_other_brand_olv_awareness_bid-nadr_0224_112399,2/2/2024,3/9/2024,6.125,247625,Kind,miscellaneous,miscellaneous,DATORAMA,DE_M&Ms_mw_eur_YouTube_4,na,de_kin_p2-3-vnp_mw_eu_other_brand_olv,kind,MW,olv,brand,awareness,22024,173,DE_ESS_MARS_MW_M&Ms_EUR,Compliant,PROGRAMMATIC,DV360-YOUTUBE,2,GERMANY,EUR,EU/CEABT,DACH,106223,7619,609972,1227,40606,37469.98692,233330,0,0,YouTube
DE,DATAROMA_DE_193,DATAROMA_DE_2,DATAROMA_DE_MW_1,9/21/2024,de_kin_p9-10-vnp_mw_eu_other_brand_olv_multiple_bid-icj_0924_114295,9/5/2024,10/23/2024,8.166666667,93787,Kind,miscellaneous,miscellaneous,DATORAMA,DE_5 Gum_mw_eur_YouTube_6,na,de_kin_p9-10-vnp_mw_eu_other_brand_olv,kind,MW,olv,brand,multiple,92024,193,DE_ESS_MARS_MW_5 Gum_EUR,Compliant,PROGRAMMATIC,DV360-YOUTUBE,10,GERMANY,EUR,EU/CEABT,DACH,205434,18941,593730,1820,22677,20925.64875,279042,0,0,YouTube
DE,DATAROMA_DE_193,DATAROMA_DE_2,DATAROMA_DE_MW_1,10/3/2024,de_kin_p9-10-vnp_mw_eu_other_brand_olv_multiple_bid-icj_0924_114295,9/5/2024,10/23/2024,9,69617,Kind,miscellaneous,miscellaneous,DATORAMA,DE_5 Gum_mw_eur_YouTube_6,na,de_kin_p9-10-vnp_mw_eu_other_brand_olv,kind,MW,olv,brand,multiple,92024,193,DE_ESS_MARS_MW_5 Gum_EUR,Compliant,PROGRAMMATIC,DV360-YOUTUBE,10,GERMANY,EUR,EU/CEABT,DACH,106203,3046,544713,630,34734,32051.48317,167347,0,0,YouTube
DE,DATAROMA_DE_193,DATAROMA_DE_2,DATAROMA_DE_MW_1,9/7/2024,de_kin_p9-10-vnp_mw_eu_other_brand_olv_multiple_bid-icj_0924_114295,9/5/2024,10/23/2024,6.2,117009,Kind,miscellaneous,miscellaneous,DATORAMA,DE_5 Gum_mw_eur_YouTube_6,na,de_kin_p9-10-vnp_mw_eu_other_brand_olv,kind,MW,olv,brand,multiple,92024,193,DE_ESS_MARS_MW_5 Gum_EUR,Compliant,PROGRAMMATIC,DV360-YOUTUBE,9,GERMANY,EUR,EU/CEABT,DACH,194241,20136,503298,1949,16924,15616.9546,421823,0,0,YouTube
DE,DATAROMA_DE_193,DATAROMA_DE_2,DATAROMA_DE_MW_1,9/26/2024,de_kin_p9-10-vnp_mw_eu_other_brand_olv_multiple_bid-icj_0924_114295,9/5/2024,10/23/2024,7.375,162031,Kind,miscellaneous,miscellaneous,DATORAMA,DE_5 Gum_mw_eur_YouTube_6,na,de_kin_p9-10-vnp_mw_eu_other_brand_olv,kind,MW,olv,brand,multiple,92024,193,DE_ESS_MARS_MW_5 Gum_EUR,Compliant,PROGRAMMATIC,DV360-YOUTUBE,10,GERMANY,EUR,EU/CEABT,DACH,189753,13534,641751,2905,24967,23038.79139,464352,0,0,YouTube
DE,DATAROMA_DE_193,DATAROMA_DE_2,DATAROMA_DE_MW_1,10/5/2024,de_kin_p9-10-vnp_mw_eu_other_brand_olv_multiple_bid-icj_0924_114295,9/5/2024,10/23/2024,6.3,246528,Kind,miscellaneous,miscellaneous,DATORAMA,DE_5 Gum_mw_eur_YouTube_6,na,de_kin_p9-10-vnp_mw_eu_other_brand_olv,kind,MW,olv,brand,multiple,92024,193,DE_ESS_MARS_MW_5 Gum_EUR,Compliant,PROGRAMMATIC,DV360-YOUTUBE,10,GERMANY,EUR,EU/CEABT,DACH,217377,19643,833994,1138,31513,29079.24193,363087,0,0,YouTube
DE,DATAROMA_DE_193,DATAROMA_DE_2,DATAROMA_DE_MW_1,10/8/2024,de_kin_p9-10-vnp_mw_eu_other_brand_olv_multiple_bid-icj_0924_114295,9/5/2024,10/23/2024,5.444444444,287819,Kind,miscellaneous,miscellaneous,DATORAMA,DE_5 Gum_mw_eur_YouTube_6,na,de_kin_p9-10-vnp_mw_eu_other_brand_olv,kind,MW,olv,brand,multiple,92024,193,DE_ESS_MARS_MW_5 Gum_EUR,Compliant,PROGRAMMATIC,DV360-YOUTUBE,11,GERMANY,EUR,EU/CEABT,DACH,228732,26112,854506,1881,20411,18834.65259,437817,0,0,YouTube
DE,DATAROMA_DE_193,DATAROMA_DE_2,DATAROMA_DE_MW_1,9/27/2024,de_kin_p9-10-vnp_mw_eu_other_brand_olv_multiple_bid-icj_0924_114295,9/5/2024,10/23/2024,8.833333333,71213,Kind,miscellaneous,miscellaneous,DATORAMA,DE_5 Gum_mw_eur_YouTube_6,na,de_kin_p9-10-vnp_mw_eu_other_brand_olv,kind,MW,olv,brand,multiple,92024,193,DE_ESS_MARS_MW_5 Gum_EUR,Compliant,PROGRAMMATIC,DV360-YOUTUBE,10,GERMANY,EUR,EU/CEABT,DACH,158086,13013,620200,1203,30620,28255.20857,320132,0,0,YouTube
DE,DATAROMA_DE_193,DATAROMA_DE_2,DATAROMA_DE_MW_1,9/18/2024,de_kin_p9-10-vnp_mw_eu_other_brand_olv_multiple_bid-icj_0924_114295,9/5/2024,10/23/2024,8.333333333,104816,Kind,miscellaneous,miscellaneous,DATORAMA,DE_5 Gum_mw_eur_YouTube_6,na,de_kin_p9-10-vnp_mw_eu_other_brand_olv,kind,MW,olv,brand,multiple,92024,193,DE_ESS_MARS_MW_5 Gum_EUR,Compliant,PROGRAMMATIC,DV360-YOUTUBE,10,GERMANY,EUR,EU/CEABT,DACH,268328,32242,550740,1296,33150,30589.81594,339967,0,0,YouTube
DE,DATAROMA_DE_193,DATAROMA_DE_2,DATAROMA_DE_MW_1,10/2/2024,de_kin_p9-10-vnp_mw_eu_other_brand_olv_multiple_bid-icj_0924_114295,9/5/2024,10/23/2024,4,158973,Kind,miscellaneous,miscellaneous,DATORAMA,DE_5 Gum_mw_eur_YouTube_6,na,de_kin_p9-10-vnp_mw_eu_other_brand_olv,kind,MW,olv,brand,multiple,92024,193,DE_ESS_MARS_MW_5 Gum_EUR,Compliant,PROGRAMMATIC,DV360-YOUTUBE,10,GERMANY,EUR,EU/CEABT,DACH,104888,5518,427714,996,15672,14461.64692,176340,0,0,YouTube
DE,DATAROMA_DE_193,DATAROMA_DE_2,DATAROMA_DE_MW_1,10/7/2024,de_kin_p9-10-vnp_mw_eu_other_brand_olv_multiple_bid-icj_0924_114295,9/5/2024,10/23/2024,6.5,267312,Kind,miscellaneous,miscellaneous,DATORAMA,DE_5 Gum_mw_eur_YouTube_6,na,de_kin_p9-10-vnp_mw_eu_other_brand_olv,kind,MW,olv,brand,multiple,92024,193,DE_ESS_MARS_MW_5 Gum_EUR,Compliant,PROGRAMMATIC,DV360-YOUTUBE,11,GERMANY,EUR,EU/CEABT,DACH,116688,87821,830660,586,20873,19260.97219,357529,0,0,YouTube
DE,DATAROMA_DE_193,DATAROMA_DE_2,DATAROMA_DE_MW_1,10/11/2024,de_kin_p9-10-vnp_mw_eu_other_brand_olv_multiple_bid-icj_0924_114295,9/5/2024,10/23/2024,5.583333333,269730,Kind,miscellaneous,miscellaneous,DATORAMA,DE_5 Gum_mw_eur_YouTube_6,na,de_kin_p9-10-vnp_mw_eu_other_brand_olv,kind,MW,olv,brand,multiple,92024,193,DE_ESS_MARS_MW_5 Gum_EUR,Compliant,PROGRAMMATIC,DV360-YOUTUBE,11,GERMANY,EUR,EU/CEABT,DACH,311542,16262,1049515,2467,35644,32891.2036,643437,0,0,YouTube
DE,DATAROMA_DE_193,DATAROMA_DE_2,DATAROMA_DE_MW_1,9/20/2024,de_kin_p9-10-vnp_mw_eu_other_brand_olv_multiple_bid-icj_0924_114295,9/5/2024,10/23/2024,8.666666667,33616,Kind,miscellaneous,miscellaneous,DATORAMA,DE_5 Gum_mw_eur_YouTube_6,na,de_kin_p9-10-vnp_mw_eu_other_brand_olv,kind,MW,olv,brand,multiple,92024,193,DE_ESS_MARS_MW_5 Gum_EUR,Compliant,PROGRAMMATIC,DV360-YOUTUBE,10,GERMANY,EUR,EU/CEABT,DACH,29003,2810,288587,878,14580,13453.9824,122041,0,0,YouTube
DE,DATAROMA_DE_193,DATAROMA_DE_2,DATAROMA_DE_MW_1,9/22/2024,de_kin_p9-10-vnp_mw_eu_other_brand_olv_multiple_bid-icj_0924_114295,9/5/2024,10/23/2024,5.285714286,299025,Kind,miscellaneous,miscellaneous,DATORAMA,DE_5 Gum_mw_eur_YouTube_6,na,de_kin_p9-10-vnp_mw_eu_other_brand_olv,kind,MW,olv,brand,multiple,92024,193,DE_ESS_MARS_MW_5 Gum_EUR,Compliant,PROGRAMMATIC,DV360-YOUTUBE,10,GERMANY,EUR,EU/CEABT,DACH,237728,37588,675345,1812,29949,27636.0301,409266,0,0,YouTube
DE,DATAROMA_DE_193,DATAROMA_DE_2,DATAROMA_DE_MW_1,9/6/2024,de_kin_p9-10-vnp_mw_eu_other_brand_olv_multiple_bid-icj_0924_114295,9/5/2024,10/23/2024,4.928571429,368189,Kind,miscellaneous,miscellaneous,DATORAMA,DE_5 Gum_mw_eur_YouTube_6,na,de_kin_p9-10-vnp_mw_eu_other_brand_olv,kind,MW,olv,brand,multiple,92024,193,DE_ESS_MARS_MW_5 Gum_EUR,Compliant,PROGRAMMATIC,DV360-YOUTUBE,9,GERMANY,EUR,EU/CEABT,DACH,234447,13360,1128710,3002,60112,55469.53291,571180,0,0,YouTube
DE,DATAROMA_DE_193,DATAROMA_DE_2,DATAROMA_DE_MW_1,10/9/2024,de_kin_p9-10-vnp_mw_eu_other_brand_olv_multiple_bid-icj_0924_114295,9/5/2024,10/23/2024,6.4,174509,Kind,miscellaneous,miscellaneous,DATORAMA,DE_5 Gum_mw_eur_YouTube_6,na,de_kin_p9-10-vnp_mw_eu_other_brand_olv,kind,MW,olv,brand,multiple,92024,193,DE_ESS_MARS_MW_5 Gum_EUR,Compliant,PROGRAMMATIC,DV360-YOUTUBE,11,GERMANY,EUR,EU/CEABT,DACH,90700,12144,513471,1056,15202,14027.94516,225857,0,0,YouTube
DE,DATAROMA_DE_193,DATAROMA_DE_2,DATAROMA_DE_MW_1,9/9/2024,de_kin_p9-10-vnp_mw_eu_other_brand_olv_multiple_bid-icj_0924_114295,9/5/2024,10/23/2024,5,230991,Kind,miscellaneous,miscellaneous,DATORAMA,DE_5 Gum_mw_eur_YouTube_6,na,de_kin_p9-10-vnp_mw_eu_other_brand_olv,kind,MW,olv,brand,multiple,92024,193,DE_ESS_MARS_MW_5 Gum_EUR,Compliant,PROGRAMMATIC,DV360-YOUTUBE,10,GERMANY,EUR,EU/CEABT,DACH,68473,8400,629900,1131,26317,24284.53051,215584,0,0,YouTube
DE,DATAROMA_DE_193,DATAROMA_DE_2,DATAROMA_DE_MW_1,10/22/2024,de_kin_p9-10-vnp_mw_eu_other_brand_olv_multiple_bid-icj_0924_114295,9/5/2024,10/23/2024,6.666666667,77861,Kind,miscellaneous,miscellaneous,DATORAMA,DE_5 Gum_mw_eur_YouTube_6,na,de_kin_p9-10-vnp_mw_eu_other_brand_olv,kind,MW,olv,brand,multiple,92024,193,DE_ESS_MARS_MW_5 Gum_EUR,Compliant,PROGRAMMATIC,DV360-YOUTUBE,11,GERMANY,EUR,EU/CEABT,DACH,87622,33456,479986,1777,11708,10803.78779,307039,0,0,YouTube
DE,DATAROMA_DE_193,DATAROMA_DE_2,DATAROMA_DE_MW_1,10/19/2024,de_kin_p9-10-vnp_mw_eu_other_brand_olv_multiple_bid-icj_0924_114295,9/5/2024,10/23/2024,5.285714286,468485,Kind,miscellaneous,miscellaneous,DATORAMA,DE_5 Gum_mw_eur_YouTube_6,na,de_kin_p9-10-vnp_mw_eu_other_brand_olv,kind,MW,olv,brand,multiple,92024,193,DE_ESS_MARS_MW_5 Gum_EUR,Compliant,PROGRAMMATIC,DV360-YOUTUBE,11,GERMANY,EUR,EU/CEABT,DACH,415129,22712,1338855,4025,56556,52188.16382,698693,0,0,YouTube
DE,DATAROMA_DE_193,DATAROMA_DE_2,DATAROMA_DE_MW_1,10/21/2024,de_kin_p9-10-vnp_mw_eu_other_brand_olv_multiple_bid-icj_0924_114295,9/5/2024,10/23/2024,8,182488,Kind,miscellaneous,miscellaneous,DATORAMA,DE_5 Gum_mw_eur_YouTube_6,na,de_kin_p9-10-vnp_mw_eu_other_brand_olv,kind,MW,olv,brand,multiple,92024,193,DE_ESS_MARS_MW_5 Gum_EUR,Compliant,PROGRAMMATIC,DV360-YOUTUBE,11,GERMANY,EUR,EU/CEABT,DACH,268360,36740,881804,1008,47369,43710.67848,417868,0,0,YouTube
DE,DATAROMA_DE_193,DATAROMA_DE_2,DATAROMA_DE_MW_1,10/14/2024,de_kin_p9-10-vnp_mw_eu_other_brand_olv_multiple_bid-icj_0924_114295,9/5/2024,10/23/2024,6.2,75101,Kind,miscellaneous,miscellaneous,DATORAMA,DE_5 Gum_mw_eur_YouTube_6,na,de_kin_p9-10-vnp_mw_eu_other_brand_olv,kind,MW,olv,brand,multiple,92024,193,DE_ESS_MARS_MW_5 Gum_EUR,Compliant,PROGRAMMATIC,DV360-YOUTUBE,11,GERMANY,EUR,EU/CEABT,DACH,118711,22573,426074,1130,18181,16776.87613,195173,0,0,YouTube
DE,DATAROMA_DE_193,DATAROMA_DE_2,DATAROMA_DE_MW_1,10/6/2024,de_kin_p9-10-vnp_mw_eu_other_brand_olv_multiple_bid-icj_0924_114295,9/5/2024,10/23/2024,5,181731,Kind,miscellaneous,miscellaneous,DATORAMA,DE_5 Gum_mw_eur_YouTube_6,na,de_kin_p9-10-vnp_mw_eu_other_brand_olv,kind,MW,olv,brand,multiple,92024,193,DE_ESS_MARS_MW_5 Gum_EUR,Compliant,PROGRAMMATIC,DV360-YOUTUBE,11,GERMANY,EUR,EU/CEABT,DACH,166570,47547,708403,1329,33690,31088.11159,339060,0,0,YouTube
DE,DATAROMA_DE_193,DATAROMA_DE_2,DATAROMA_DE_MW_1,10/18/2024,de_kin_p9-10-vnp_mw_eu_other_brand_olv_multiple_bid-icj_0924_114295,9/5/2024,10/23/2024,6.272727273,218760,Kind,miscellaneous,miscellaneous,DATORAMA,DE_5 Gum_mw_eur_YouTube_6,na,de_kin_p9-10-vnp_mw_eu_other_brand_olv,kind,MW,olv,brand,multiple,92024,193,DE_ESS_MARS_MW_5 Gum_EUR,Compliant,PROGRAMMATIC,DV360-YOUTUBE,11,GERMANY,EUR,EU/CEABT,DACH,344118,78008,1009884,2277,46119,42557.21633,535849,0,0,YouTube
DE,DATAROMA_DE_193,DATAROMA_DE_2,DATAROMA_DE_MW_1,10/15/2024,de_kin_p9-10-vnp_mw_eu_other_brand_olv_multiple_bid-icj_0924_114295,9/5/2024,10/23/2024,9.428571429,105693,Kind,miscellaneous,miscellaneous,DATORAMA,DE_5 Gum_mw_eur_YouTube_6,na,de_kin_p9-10-vnp_mw_eu_other_brand_olv,kind,MW,olv,brand,multiple,92024,193,DE_ESS_MARS_MW_5 Gum_EUR,Compliant,PROGRAMMATIC,DV360-YOUTUBE,11,GERMANY,EUR,EU/CEABT,DACH,233037,65510,814043,1835,26988,24903.70898,478038,0,0,YouTube
DE,DATAROMA_DE_193,DATAROMA_DE_2,DATAROMA_DE_MW_1,10/17/2024,de_kin_p9-10-vnp_mw_eu_other_brand_olv_multiple_bid-icj_0924_114295,9/5/2024,10/23/2024,7.444444444,160541,Kind,miscellaneous,miscellaneous,DATORAMA,DE_5 Gum_mw_eur_YouTube_6,na,de_kin_p9-10-vnp_mw_eu_other_brand_olv,kind,MW,olv,brand,multiple,92024,193,DE_ESS_MARS_MW_5 Gum_EUR,Compliant,PROGRAMMATIC,DV360-YOUTUBE,11,GERMANY,EUR,EU/CEABT,DACH,230187,25191,799905,3815,24356,22474.9791,589623,0,0,YouTube
DE,DATAROMA_DE_193,DATAROMA_DE_2,DATAROMA_DE_MW_1,9/23/2024,de_kin_p9-10-vnp_mw_eu_other_brand_olv_multiple_bid-icj_0924_114295,9/5/2024,10/23/2024,6.6,301988,Kind,miscellaneous,miscellaneous,DATORAMA,DE_5 Gum_mw_eur_YouTube_6,na,de_kin_p9-10-vnp_mw_eu_other_brand_olv,kind,MW,olv,brand,multiple,92024,193,DE_ESS_MARS_MW_5 Gum_EUR,Compliant,PROGRAMMATIC,DV360-YOUTUBE,10,GERMANY,EUR,EU/CEABT,DACH,106671,48551,945180,1282,53489,49358.02911,285473,0,0,YouTube
DE,DATAROMA_DE_193,DATAROMA_DE_2,DATAROMA_DE_MW_1,9/13/2024,de_kin_p9-10-vnp_mw_eu_other_brand_olv_multiple_bid-icj_0924_114295,9/5/2024,10/23/2024,10,67015,Kind,miscellaneous,miscellaneous,DATORAMA,DE_5 Gum_mw_eur_YouTube_6,na,de_kin_p9-10-vnp_mw_eu_other_brand_olv,kind,MW,olv,brand,multiple,92024,193,DE_ESS_MARS_MW_5 Gum_EUR,Compliant,PROGRAMMATIC,DV360-YOUTUBE,10,GERMANY,EUR,EU/CEABT,DACH,261525,30576,656876,1915,22477,20741.09481,346372,0,0,YouTube
DE,DATAROMA_DE_193,DATAROMA_DE_2,DATAROMA_DE_MW_1,9/16/2024,de_kin_p9-10-vnp_mw_eu_other_brand_olv_multiple_bid-icj_0924_114295,9/5/2024,10/23/2024,6.375,208769,Kind,miscellaneous,miscellaneous,DATORAMA,DE_5 Gum_mw_eur_YouTube_6,na,de_kin_p9-10-vnp_mw_eu_other_brand_olv,kind,MW,olv,brand,multiple,92024,193,DE_ESS_MARS_MW_5 Gum_EUR,Compliant,PROGRAMMATIC,DV360-YOUTUBE,10,GERMANY,EUR,EU/CEABT,DACH,258305,67880,1100479,2212,55998,51673.25832,545777,0,0,YouTube
DE,DATAROMA_DE_193,DATAROMA_DE_2,DATAROMA_DE_MW_1,10/10/2024,de_kin_p9-10-vnp_mw_eu_other_brand_olv_multiple_bid-icj_0924_114295,9/5/2024,10/23/2024,5.666666667,383444,Kind,miscellaneous,miscellaneous,DATORAMA,DE_5 Gum_mw_eur_YouTube_6,na,de_kin_p9-10-vnp_mw_eu_other_brand_olv,kind,MW,olv,brand,multiple,92024,193,DE_ESS_MARS_MW_5 Gum_EUR,Compliant,PROGRAMMATIC,DV360-YOUTUBE,11,GERMANY,EUR,EU/CEABT,DACH,333413,38842,1166867,2580,53514,49381.09836,607414,0,0,YouTube
DE,DATAROMA_DE_193,DATAROMA_DE_2,DATAROMA_DE_MW_1,9/25/2024,de_kin_p9-10-vnp_mw_eu_other_brand_olv_multiple_bid-icj_0924_114295,9/5/2024,10/23/2024,7,390552,Kind,miscellaneous,miscellaneous,DATORAMA,DE_5 Gum_mw_eur_YouTube_6,na,de_kin_p9-10-vnp_mw_eu_other_brand_olv,kind,MW,olv,brand,multiple,92024,193,DE_ESS_MARS_MW_5 Gum_EUR,Compliant,PROGRAMMATIC,DV360-YOUTUBE,10,GERMANY,EUR,EU/CEABT,DACH,267443,44457,1396805,3573,44516,41078.01649,720403,0,0,YouTube
DE,DATAROMA_DE_193,DATAROMA_DE_2,DATAROMA_DE_MW_1,9/14/2024,de_kin_p9-10-vnp_mw_eu_other_brand_olv_multiple_bid-icj_0924_114295,9/5/2024,10/23/2024,5,113883,Kind,miscellaneous,miscellaneous,DATORAMA,DE_5 Gum_mw_eur_YouTube_6,na,de_kin_p9-10-vnp_mw_eu_other_brand_olv,kind,MW,olv,brand,multiple,92024,193,DE_ESS_MARS_MW_5 Gum_EUR,Compliant,PROGRAMMATIC,DV360-YOUTUBE,10,GERMANY,EUR,EU/CEABT,DACH,53135,3446,329597,836,32943,30398.80261,162810,0,0,YouTube
DE,DATAROMA_DE_193,DATAROMA_DE_2,DATAROMA_DE_MW_1,10/13/2024,de_kin_p9-10-vnp_mw_eu_other_brand_olv_multiple_bid-icj_0924_114295,9/5/2024,10/23/2024,7.272727273,209876,Kind,miscellaneous,miscellaneous,DATORAMA,DE_5 Gum_mw_eur_YouTube_6,na,de_kin_p9-10-vnp_mw_eu_other_brand_olv,kind,MW,olv,brand,multiple,92024,193,DE_ESS_MARS_MW_5 Gum_EUR,Compliant,PROGRAMMATIC,DV360-YOUTUBE,11,GERMANY,EUR,EU/CEABT,DACH,340619,25729,1035572,1483,44725,41270.87536,537757,0,0,YouTube
DE,DATAROMA_DE_193,DATAROMA_DE_2,DATAROMA_DE_MW_1,9/17/2024,de_kin_p9-10-vnp_mw_eu_other_brand_olv_multiple_bid-icj_0924_114295,9/5/2024,10/23/2024,8.444444444,173292,Kind,miscellaneous,miscellaneous,DATORAMA,DE_5 Gum_mw_eur_YouTube_6,na,de_kin_p9-10-vnp_mw_eu_other_brand_olv,kind,MW,olv,brand,multiple,92024,193,DE_ESS_MARS_MW_5 Gum_EUR,Compliant,PROGRAMMATIC,DV360-YOUTUBE,10,GERMANY,EUR,EU/CEABT,DACH,291080,41945,846112,3423,33219,30653.48705,540133,0,0,YouTube
DE,DATAROMA_DE_193,DATAROMA_DE_2,DATAROMA_DE_MW_1,9/19/2024,de_kin_p9-10-vnp_mw_eu_other_brand_olv_multiple_bid-icj_0924_114295,9/5/2024,10/23/2024,7.25,161283,Kind,miscellaneous,miscellaneous,DATORAMA,DE_5 Gum_mw_eur_YouTube_6,na,de_kin_p9-10-vnp_mw_eu_other_brand_olv,kind,MW,olv,brand,multiple,92024,193,DE_ESS_MARS_MW_5 Gum_EUR,Compliant,PROGRAMMATIC,DV360-YOUTUBE,10,GERMANY,EUR,EU/CEABT,DACH,114346,16101,822816,2174,32503,29992.78394,428065,0,0,YouTube
DE,DATAROMA_DE_193,DATAROMA_DE_2,DATAROMA_DE_MW_1,9/28/2024,de_kin_p9-10-vnp_mw_eu_other_brand_olv_multiple_bid-icj_0924_114295,9/5/2024,10/23/2024,6.375,172972,Kind,miscellaneous,miscellaneous,DATORAMA,DE_5 Gum_mw_eur_YouTube_6,na,de_kin_p9-10-vnp_mw_eu_other_brand_olv,kind,MW,olv,brand,multiple,92024,193,DE_ESS_MARS_MW_5 Gum_EUR,Compliant,PROGRAMMATIC,DV360-YOUTUBE,10,GERMANY,EUR,EU/CEABT,DACH,123822,25127,559585,1182,30554,28194.30577,259702,0,0,YouTube
DE,DATAROMA_DE_193,DATAROMA_DE_2,DATAROMA_DE_MW_1,9/15/2024,de_kin_p9-10-vnp_mw_eu_other_brand_olv_multiple_bid-icj_0924_114295,9/5/2024,10/23/2024,5.5,393879,Kind,miscellaneous,miscellaneous,DATORAMA,DE_5 Gum_mw_eur_YouTube_6,na,de_kin_p9-10-vnp_mw_eu_other_brand_olv,kind,MW,olv,brand,multiple,92024,193,DE_ESS_MARS_MW_5 Gum_EUR,Compliant,PROGRAMMATIC,DV360-YOUTUBE,10,GERMANY,EUR,EU/CEABT,DACH,411477,37973,1322002,2438,44191,40778.11633,691910,0,0,YouTube
DE,DATAROMA_DE_193,DATAROMA_DE_2,DATAROMA_DE_MW_1,10/1/2024,de_kin_p9-10-vnp_mw_eu_other_brand_olv_multiple_bid-icj_0924_114295,9/5/2024,10/23/2024,7.363636364,260092,Kind,miscellaneous,miscellaneous,DATORAMA,DE_5 Gum_mw_eur_YouTube_6,na,de_kin_p9-10-vnp_mw_eu_other_brand_olv,kind,MW,olv,brand,multiple,92024,193,DE_ESS_MARS_MW_5 Gum_EUR,Compliant,PROGRAMMATIC,DV360-YOUTUBE,10,GERMANY,EUR,EU/CEABT,DACH,165602,29667,878551,1918,52681,48612.43118,399330,0,0,YouTube
DE,DATAROMA_DE_197,DATAROMA_DE_2,DATAROMA_DE_MW_1,10/13/2024,de_kin_p10-11-vnp_mw_eu_other_brand_social_engagement_bid-dda_0924_119089,9/19/2024,10/31/2024,3,352172,Kind,miscellaneous,miscellaneous,DATORAMA,DE_Extra_mw_eur_YouTube_1,bid-adr,de_kin_p10-11-vnp_mw_eu_other_brand_social,kind,MW,social,brand,engagement,92024,197,DE_ESS_MARS_MW_Extra_EUR,Compliant,PROGRAMMATIC,DV360-YOUTUBE,11,GERMANY,EUR,EU/CEABT,DACH,140219,52088,495360,1982,28496,26295.24571,343361,0,0,YouTube
DE,DATAROMA_DE_197,DATAROMA_DE_2,DATAROMA_DE_MW_1,9/30/2024,de_kin_p10-11-vnp_mw_eu_other_brand_social_engagement_bid-dda_0924_119089,9/19/2024,10/31/2024,7.9,64144,Kind,miscellaneous,miscellaneous,DATORAMA,DE_Extra_mw_eur_YouTube_1,bid-adr,de_kin_p10-11-vnp_mw_eu_other_brand_social,kind,MW,social,brand,engagement,92024,197,DE_ESS_MARS_MW_Extra_EUR,Compliant,PROGRAMMATIC,DV360-YOUTUBE,10,GERMANY,EUR,EU/CEABT,DACH,130588,11718,512420,1525,39483,36433.71653,267430,0,0,YouTube
DE,DATAROMA_DE_197,DATAROMA_DE_2,DATAROMA_DE_MW_1,9/28/2024,de_kin_p10-11-vnp_mw_eu_other_brand_social_engagement_bid-dda_0924_119089,9/19/2024,10/31/2024,7.125,89890,Kind,miscellaneous,miscellaneous,DATORAMA,DE_Extra_mw_eur_YouTube_1,bid-adr,de_kin_p10-11-vnp_mw_eu_other_brand_social,kind,MW,social,brand,engagement,92024,197,DE_ESS_MARS_MW_Extra_EUR,Compliant,PROGRAMMATIC,DV360-YOUTUBE,10,GERMANY,EUR,EU/CEABT,DACH,198085,17788,491744,1555,30986,28592.94229,298765,0,0,YouTube
DE,DATAROMA_DE_197,DATAROMA_DE_2,DATAROMA_DE_MW_1,10/22/2024,de_kin_p10-11-vnp_mw_eu_other_brand_social_engagement_bid-dda_0924_119089,9/19/2024,10/31/2024,6.071428571,416074,Kind,miscellaneous,miscellaneous,DATORAMA,DE_Extra_mw_eur_YouTube_1,bid-adr,de_kin_p10-11-vnp_mw_eu_other_brand_social,kind,MW,social,brand,engagement,92024,197,DE_ESS_MARS_MW_Extra_EUR,Compliant,PROGRAMMATIC,DV360-YOUTUBE,11,GERMANY,EUR,EU/CEABT,DACH,429672,44721,1146288,3109,54446,50241.11973,671823,0,0,YouTube
DE,DATAROMA_DE_197,DATAROMA_DE_2,DATAROMA_DE_MW_1,10/1/2024,de_kin_p10-11-vnp_mw_eu_other_brand_social_engagement_bid-dda_0924_119089,9/19/2024,10/31/2024,5.666666667,277293,Kind,miscellaneous,miscellaneous,DATORAMA,DE_Extra_mw_eur_YouTube_1,bid-adr,de_kin_p10-11-vnp_mw_eu_other_brand_social,kind,MW,social,brand,engagement,92024,197,DE_ESS_MARS_MW_Extra_EUR,Compliant,PROGRAMMATIC,DV360-YOUTUBE,10,GERMANY,EUR,EU/CEABT,DACH,288349,48632,1136290,3509,52225,48191.6482,591953,0,0,YouTube
DE,DATAROMA_DE_197,DATAROMA_DE_2,DATAROMA_DE_MW_1,10/31/2024,de_kin_p10-11-vnp_mw_eu_other_brand_social_engagement_bid-dda_0924_119089,9/19/2024,10/31/2024,6.333333333,292179,Kind,miscellaneous,miscellaneous,DATORAMA,DE_Extra_mw_eur_YouTube_1,bid-adr,de_kin_p10-11-vnp_mw_eu_other_brand_social,kind,MW,social,brand,engagement,92024,197,DE_ESS_MARS_MW_Extra_EUR,Compliant,PROGRAMMATIC,DV360-YOUTUBE,11,GERMANY,EUR,EU/CEABT,DACH,203659,11051,1036542,2321,50041,46176.31914,542988,0,0,YouTube
DE,DATAROMA_DE_197,DATAROMA_DE_2,DATAROMA_DE_MW_1,10/2/2024,de_kin_p10-11-vnp_mw_eu_other_brand_social_engagement_bid-dda_0924_119089,9/19/2024,10/31/2024,6.090909091,238823,Kind,miscellaneous,miscellaneous,DATORAMA,DE_Extra_mw_eur_YouTube_1,bid-adr,de_kin_p10-11-vnp_mw_eu_other_brand_social,kind,MW,social,brand,engagement,92024,197,DE_ESS_MARS_MW_Extra_EUR,Compliant,PROGRAMMATIC,DV360-YOUTUBE,10,GERMANY,EUR,EU/CEABT,DACH,212027,30374,953991,2094,38212,35260.87623,362090,0,0,YouTube
DE,DATAROMA_DE_197,DATAROMA_DE_2,DATAROMA_DE_MW_1,10/6/2024,de_kin_p10-11-vnp_mw_eu_other_brand_social_engagement_bid-dda_0924_119089,9/19/2024,10/31/2024,8.571428571,64702,Kind,miscellaneous,miscellaneous,DATORAMA,DE_Extra_mw_eur_YouTube_1,bid-adr,de_kin_p10-11-vnp_mw_eu_other_brand_social,kind,MW,social,brand,engagement,92024,197,DE_ESS_MARS_MW_Extra_EUR,Compliant,PROGRAMMATIC,DV360-YOUTUBE,11,GERMANY,EUR,EU/CEABT,DACH,122214,31138,471374,871,36739,33901.63644,239782,0,0,YouTube
DE,DATAROMA_DE_197,DATAROMA_DE_2,DATAROMA_DE_MW_1,10/8/2024,de_kin_p10-11-vnp_mw_eu_other_brand_social_engagement_bid-dda_0924_119089,9/19/2024,10/31/2024,5.428571429,202180,Kind,miscellaneous,miscellaneous,DATORAMA,DE_Extra_mw_eur_YouTube_1,bid-adr,de_kin_p10-11-vnp_mw_eu_other_brand_social,kind,MW,social,brand,engagement,92024,197,DE_ESS_MARS_MW_Extra_EUR,Compliant,PROGRAMMATIC,DV360-YOUTUBE,11,GERMANY,EUR,EU/CEABT,DACH,140116,14441,505373,1745,28318,26130.9927,301561,0,0,YouTube
DE,DATAROMA_DE_197,DATAROMA_DE_2,DATAROMA_DE_MW_1,10/28/2024,de_kin_p10-11-vnp_mw_eu_other_brand_social_engagement_bid-dda_0924_119089,9/19/2024,10/31/2024,7.083333333,212306,Kind,miscellaneous,miscellaneous,DATORAMA,DE_Extra_mw_eur_YouTube_1,bid-adr,de_kin_p10-11-vnp_mw_eu_other_brand_social,kind,MW,social,brand,engagement,92024,197,DE_ESS_MARS_MW_Extra_EUR,Compliant,PROGRAMMATIC,DV360-YOUTUBE,11,GERMANY,EUR,EU/CEABT,DACH,269227,32697,1157964,2923,51896,47888.05696,469928,0,0,YouTube
DE,DATAROMA_DE_197,DATAROMA_DE_2,DATAROMA_DE_MW_1,9/25/2024,de_kin_p10-11-vnp_mw_eu_other_brand_social_engagement_bid-dda_0924_119089,9/19/2024,10/31/2024,7.375,181477,Kind,miscellaneous,miscellaneous,DATORAMA,DE_Extra_mw_eur_YouTube_1,bid-adr,de_kin_p10-11-vnp_mw_eu_other_brand_social,kind,MW,social,brand,engagement,92024,197,DE_ESS_MARS_MW_Extra_EUR,Compliant,PROGRAMMATIC,DV360-YOUTUBE,10,GERMANY,EUR,EU/CEABT,DACH,268600,15194,962325,2098,30315,27973.76381,459283,0,0,YouTube
DE,DATAROMA_DE_197,DATAROMA_DE_2,DATAROMA_DE_MW_1,10/24/2024,de_kin_p10-11-vnp_mw_eu_other_brand_social_engagement_bid-dda_0924_119089,9/19/2024,10/31/2024,7,198709,Kind,miscellaneous,miscellaneous,DATORAMA,DE_Extra_mw_eur_YouTube_1,bid-adr,de_kin_p10-11-vnp_mw_eu_other_brand_social,kind,MW,social,brand,engagement,92024,197,DE_ESS_MARS_MW_Extra_EUR,Compliant,PROGRAMMATIC,DV360-YOUTUBE,11,GERMANY,EUR,EU/CEABT,DACH,316654,27929,1049773,3077,50457,46560.19135,544043,0,0,YouTube
DE,DATAROMA_DE_197,DATAROMA_DE_2,DATAROMA_DE_MW_1,9/21/2024,de_kin_p10-11-vnp_mw_eu_other_brand_social_engagement_bid-dda_0924_119089,9/19/2024,10/31/2024,5.25,305835,Kind,miscellaneous,miscellaneous,DATORAMA,DE_Extra_mw_eur_YouTube_1,bid-adr,de_kin_p10-11-vnp_mw_eu_other_brand_social,kind,MW,social,brand,engagement,92024,197,DE_ESS_MARS_MW_Extra_EUR,Compliant,PROGRAMMATIC,DV360-YOUTUBE,10,GERMANY,EUR,EU/CEABT,DACH,335602,24565,1240605,2778,48823,45052.38564,632266,0,0,YouTube
DE,DATAROMA_DE_197,DATAROMA_DE_2,DATAROMA_DE_MW_1,10/29/2024,de_kin_p10-11-vnp_mw_eu_other_brand_social_engagement_bid-dda_0924_119089,9/19/2024,10/31/2024,7.6,130754,Kind,miscellaneous,miscellaneous,DATORAMA,DE_Extra_mw_eur_YouTube_1,bid-adr,de_kin_p10-11-vnp_mw_eu_other_brand_social,kind,MW,social,brand,engagement,92024,197,DE_ESS_MARS_MW_Extra_EUR,Compliant,PROGRAMMATIC,DV360-YOUTUBE,11,GERMANY,EUR,EU/CEABT,DACH,150497,68354,740767,1061,34380,31724.82269,280044,0,0,YouTube
DE,DATAROMA_DE_197,DATAROMA_DE_2,DATAROMA_DE_MW_1,10/26/2024,de_kin_p10-11-vnp_mw_eu_other_brand_social_engagement_bid-dda_0924_119089,9/19/2024,10/31/2024,7.2,245975,Kind,miscellaneous,miscellaneous,DATORAMA,DE_Extra_mw_eur_YouTube_1,bid-adr,de_kin_p10-11-vnp_mw_eu_other_brand_social,kind,MW,social,brand,engagement,92024,197,DE_ESS_MARS_MW_Extra_EUR,Compliant,PROGRAMMATIC,DV360-YOUTUBE,11,GERMANY,EUR,EU/CEABT,DACH,235344,53457,1234320,3261,71233,65731.65488,609534,0,0,YouTube
DE,DATAROMA_DE_197,DATAROMA_DE_2,DATAROMA_DE_MW_1,10/19/2024,de_kin_p10-11-vnp_mw_eu_other_brand_social_engagement_bid-dda_0924_119089,9/19/2024,10/31/2024,7.307692308,202927,Kind,miscellaneous,miscellaneous,DATORAMA,DE_Extra_mw_eur_YouTube_1,bid-adr,de_kin_p10-11-vnp_mw_eu_other_brand_social,kind,MW,social,brand,engagement,92024,197,DE_ESS_MARS_MW_Extra_EUR,Compliant,PROGRAMMATIC,DV360-YOUTUBE,11,GERMANY,EUR,EU/CEABT,DACH,293064,51921,1075460,2504,45604,42081.98994,561366,0,0,YouTube
DE,DATAROMA_DE_197,DATAROMA_DE_2,DATAROMA_DE_MW_1,10/21/2024,de_kin_p10-11-vnp_mw_eu_other_brand_social_engagement_bid-dda_0924_119089,9/19/2024,10/31/2024,8.125,137208,Kind,miscellaneous,miscellaneous,DATORAMA,DE_Extra_mw_eur_YouTube_1,bid-adr,de_kin_p10-11-vnp_mw_eu_other_brand_social,kind,MW,social,brand,engagement,92024,197,DE_ESS_MARS_MW_Extra_EUR,Compliant,PROGRAMMATIC,DV360-YOUTUBE,11,GERMANY,EUR,EU/CEABT,DACH,186822,5322,631529,1357,32040,29565.54156,294827,0,0,YouTube
DE,DATAROMA_DE_197,DATAROMA_DE_2,DATAROMA_DE_MW_1,10/7/2024,de_kin_p10-11-vnp_mw_eu_other_brand_social_engagement_bid-dda_0924_119089,9/19/2024,10/31/2024,8,183667,Kind,miscellaneous,miscellaneous,DATORAMA,DE_Extra_mw_eur_YouTube_1,bid-adr,de_kin_p10-11-vnp_mw_eu_other_brand_social,kind,MW,social,brand,engagement,92024,197,DE_ESS_MARS_MW_Extra_EUR,Compliant,PROGRAMMATIC,DV360-YOUTUBE,11,GERMANY,EUR,EU/CEABT,DACH,230819,21334,1248106,3322,50336,46448.53621,639925,0,0,YouTube
DE,DATAROMA_DE_197,DATAROMA_DE_2,DATAROMA_DE_MW_1,10/14/2024,de_kin_p10-11-vnp_mw_eu_other_brand_social_engagement_bid-dda_0924_119089,9/19/2024,10/31/2024,4.333333333,503445,Kind,miscellaneous,miscellaneous,DATORAMA,DE_Extra_mw_eur_YouTube_1,bid-adr,de_kin_p10-11-vnp_mw_eu_other_brand_social,kind,MW,social,brand,engagement,92024,197,DE_ESS_MARS_MW_Extra_EUR,Compliant,PROGRAMMATIC,DV360-YOUTUBE,11,GERMANY,EUR,EU/CEABT,DACH,351036,37072,1441329,3764,44612,41166.60238,913956,0,0,YouTube
DE,DATAROMA_DE_197,DATAROMA_DE_2,DATAROMA_DE_MW_1,10/12/2024,de_kin_p10-11-vnp_mw_eu_other_brand_social_engagement_bid-dda_0924_119089,9/19/2024,10/31/2024,4.888888889,230287,Kind,miscellaneous,miscellaneous,DATORAMA,DE_Extra_mw_eur_YouTube_1,bid-adr,de_kin_p10-11-vnp_mw_eu_other_brand_social,kind,MW,social,brand,engagement,92024,197,DE_ESS_MARS_MW_Extra_EUR,Compliant,PROGRAMMATIC,DV360-YOUTUBE,11,GERMANY,EUR,EU/CEABT,DACH,142602,41433,784046,1714,36963,34108.33686,444605,0,0,YouTube
DE,DATAROMA_DE_197,DATAROMA_DE_2,DATAROMA_DE_MW_1,10/4/2024,de_kin_p10-11-vnp_mw_eu_other_brand_social_engagement_bid-dda_0924_119089,9/19/2024,10/31/2024,6.714285714,178075,Kind,miscellaneous,miscellaneous,DATORAMA,DE_Extra_mw_eur_YouTube_1,bid-adr,de_kin_p10-11-vnp_mw_eu_other_brand_social,kind,MW,social,brand,engagement,92024,197,DE_ESS_MARS_MW_Extra_EUR,Compliant,PROGRAMMATIC,DV360-YOUTUBE,10,GERMANY,EUR,EU/CEABT,DACH,244184,36381,825412,2669,19588,18075.21311,557900,0,0,YouTube
DE,DATAROMA_DE_197,DATAROMA_DE_2,DATAROMA_DE_MW_1,9/19/2024,de_kin_p10-11-vnp_mw_eu_other_brand_social_engagement_bid-dda_0924_119089,9/19/2024,10/31/2024,7.444444444,179380,Kind,miscellaneous,miscellaneous,DATORAMA,DE_Extra_mw_eur_YouTube_1,bid-adr,de_kin_p10-11-vnp_mw_eu_other_brand_social,kind,MW,social,brand,engagement,92024,197,DE_ESS_MARS_MW_Extra_EUR,Compliant,PROGRAMMATIC,DV360-YOUTUBE,10,GERMANY,EUR,EU/CEABT,DACH,122940,29486,774812,2510,29164,26911.65587,431181,2254406.922,2080298.426,YouTube
DE,DATAROMA_DE_197,DATAROMA_DE_2,DATAROMA_DE_MW_1,10/3/2024,de_kin_p10-11-vnp_mw_eu_other_brand_social_engagement_bid-dda_0924_119089,9/19/2024,10/31/2024,6.111111111,243349,Kind,miscellaneous,miscellaneous,DATORAMA,DE_Extra_mw_eur_YouTube_1,bid-adr,de_kin_p10-11-vnp_mw_eu_other_brand_social,kind,MW,social,brand,engagement,92024,197,DE_ESS_MARS_MW_Extra_EUR,Compliant,PROGRAMMATIC,DV360-YOUTUBE,10,GERMANY,EUR,EU/CEABT,DACH,159304,16002,628626,978,22383,20654.35446,229734,0,0,YouTube
DE,DATAROMA_DE_197,DATAROMA_DE_2,DATAROMA_DE_MW_1,9/26/2024,de_kin_p10-11-vnp_mw_eu_other_brand_social_engagement_bid-dda_0924_119089,9/19/2024,10/31/2024,11,25446,Kind,miscellaneous,miscellaneous,DATORAMA,DE_Extra_mw_eur_YouTube_1,bid-adr,de_kin_p10-11-vnp_mw_eu_other_brand_social,kind,MW,social,brand,engagement,92024,197,DE_ESS_MARS_MW_Extra_EUR,Compliant,PROGRAMMATIC,DV360-YOUTUBE,10,GERMANY,EUR,EU/CEABT,DACH,49181,1292,292411,728,19313,17821.45144,123100,0,0,YouTube
DE,DATAROMA_DE_197,DATAROMA_DE_2,DATAROMA_DE_MW_1,10/27/2024,de_kin_p10-11-vnp_mw_eu_other_brand_social_engagement_bid-dda_0924_119089,9/19/2024,10/31/2024,5.272727273,447424,Kind,miscellaneous,miscellaneous,DATORAMA,DE_Extra_mw_eur_YouTube_1,bid-adr,de_kin_p10-11-vnp_mw_eu_other_brand_social,kind,MW,social,brand,engagement,92024,197,DE_ESS_MARS_MW_Extra_EUR,Compliant,PROGRAMMATIC,DV360-YOUTUBE,11,GERMANY,EUR,EU/CEABT,DACH,131230,26670,903274,1454,42191,38932.57691,251420,0,0,YouTube
DE,DATAROMA_DE_197,DATAROMA_DE_2,DATAROMA_DE_MW_1,9/22/2024,de_kin_p10-11-vnp_mw_eu_other_brand_social_engagement_bid-dda_0924_119089,9/19/2024,10/31/2024,7.230769231,192966,Kind,miscellaneous,miscellaneous,DATORAMA,DE_Extra_mw_eur_YouTube_1,bid-adr,de_kin_p10-11-vnp_mw_eu_other_brand_social,kind,MW,social,brand,engagement,92024,197,DE_ESS_MARS_MW_Extra_EUR,Compliant,PROGRAMMATIC,DV360-YOUTUBE,10,GERMANY,EUR,EU/CEABT,DACH,338635,14766,1334941,2487,47622,43944.13921,579204,0,0,YouTube
DE,DATAROMA_DE_197,DATAROMA_DE_2,DATAROMA_DE_MW_1,9/23/2024,de_kin_p10-11-vnp_mw_eu_other_brand_social_engagement_bid-dda_0924_119089,9/19/2024,10/31/2024,6.444444444,288785,Kind,miscellaneous,miscellaneous,DATORAMA,DE_Extra_mw_eur_YouTube_1,bid-adr,de_kin_p10-11-vnp_mw_eu_other_brand_social,kind,MW,social,brand,engagement,92024,197,DE_ESS_MARS_MW_Extra_EUR,Compliant,PROGRAMMATIC,DV360-YOUTUBE,10,GERMANY,EUR,EU/CEABT,DACH,171180,12852,771614,2994,40103,37005.83375,357787,0,0,YouTube
DE,DATAROMA_DE_197,DATAROMA_DE_2,DATAROMA_DE_MW_1,10/20/2024,de_kin_p10-11-vnp_mw_eu_other_brand_social_engagement_bid-dda_0924_119089,9/19/2024,10/31/2024,7,113782,Kind,miscellaneous,miscellaneous,DATORAMA,DE_Extra_mw_eur_YouTube_1,bid-adr,de_kin_p10-11-vnp_mw_eu_other_brand_social,kind,MW,social,brand,engagement,92024,197,DE_ESS_MARS_MW_Extra_EUR,Compliant,PROGRAMMATIC,DV360-YOUTUBE,11,GERMANY,EUR,EU/CEABT,DACH,269695,33190,729513,2291,25551,23577.6889,505662,0,0,YouTube
DE,DATAROMA_DE_197,DATAROMA_DE_2,DATAROMA_DE_MW_1,10/5/2024,de_kin_p10-11-vnp_mw_eu_other_brand_social_engagement_bid-dda_0924_119089,9/19/2024,10/31/2024,9,75471,Kind,miscellaneous,miscellaneous,DATORAMA,DE_Extra_mw_eur_YouTube_1,bid-adr,de_kin_p10-11-vnp_mw_eu_other_brand_social,kind,MW,social,brand,engagement,92024,197,DE_ESS_MARS_MW_Extra_EUR,Compliant,PROGRAMMATIC,DV360-YOUTUBE,10,GERMANY,EUR,EU/CEABT,DACH,167789,948,608368,1169,22729,20973.63278,271852,0,0,YouTube
DE,DATAROMA_DE_197,DATAROMA_DE_2,DATAROMA_DE_MW_1,10/23/2024,de_kin_p10-11-vnp_mw_eu_other_brand_social_engagement_bid-dda_0924_119089,9/19/2024,10/31/2024,7.125,120762,Kind,miscellaneous,miscellaneous,DATORAMA,DE_Extra_mw_eur_YouTube_1,bid-adr,de_kin_p10-11-vnp_mw_eu_other_brand_social,kind,MW,social,brand,engagement,92024,197,DE_ESS_MARS_MW_Extra_EUR,Compliant,PROGRAMMATIC,DV360-YOUTUBE,11,GERMANY,EUR,EU/CEABT,DACH,134585,25257,723180,2425,31223,28811.63871,429340,0,0,YouTube
DE,DATAROMA_DE_199,DATAROMA_DE_2,DATAROMA_DE_MW_1,7/15/2024,de_kin_p7-8-vnp_mw_eu_other_brand_social_views_na_0624_115178,6/28/2024,8/16/2024,7.125,171460,Kind,miscellaneous,miscellaneous,DATORAMA,DE_Extra_mw_eur_YouTube_3,na,de_kin_p7-8-vnp_mw_eu_other_brand_social,kind,MW,social,brand,views,62024,199,DE_ESS_MARS_MW_Extra_EUR,Compliant,PROGRAMMATIC,DV360-YOUTUBE,8,GERMANY,EUR,EU/CEABT,DACH,302399,36925,712954,3577,30138,27810.43357,502692,0,0,YouTube
DE,DATAROMA_DE_199,DATAROMA_DE_2,DATAROMA_DE_MW_1,7/4/2024,de_kin_p7-8-vnp_mw_eu_other_brand_social_views_na_0624_115178,6/28/2024,8/16/2024,5.470588235,603310,Kind,miscellaneous,miscellaneous,DATORAMA,DE_Extra_mw_eur_YouTube_3,na,de_kin_p7-8-vnp_mw_eu_other_brand_social,kind,MW,social,brand,views,62024,199,DE_ESS_MARS_MW_Extra_EUR,Compliant,PROGRAMMATIC,DV360-YOUTUBE,7,GERMANY,EUR,EU/CEABT,DACH,263452,33930,1518811,2910,58630,54101.9882,602483,0,0,YouTube
DE,DATAROMA_DE_199,DATAROMA_DE_2,DATAROMA_DE_MW_1,8/10/2024,de_kin_p7-8-vnp_mw_eu_other_brand_social_views_na_0624_115178,6/28/2024,8/16/2024,5.153846154,501625,Kind,miscellaneous,miscellaneous,DATORAMA,DE_Extra_mw_eur_YouTube_3,na,de_kin_p7-8-vnp_mw_eu_other_brand_social,kind,MW,social,brand,views,62024,199,DE_ESS_MARS_MW_Extra_EUR,Compliant,PROGRAMMATIC,DV360-YOUTUBE,8,GERMANY,EUR,EU/CEABT,DACH,238058,24110,1109042,1638,50608,46699.52957,442013,0,0,YouTube
DE,DATAROMA_DE_199,DATAROMA_DE_2,DATAROMA_DE_MW_1,7/29/2024,de_kin_p7-8-vnp_mw_eu_other_brand_social_views_na_0624_115178,6/28/2024,8/16/2024,3.2,190916,Kind,miscellaneous,miscellaneous,DATORAMA,DE_Extra_mw_eur_YouTube_3,na,de_kin_p7-8-vnp_mw_eu_other_brand_social,kind,MW,social,brand,views,62024,199,DE_ESS_MARS_MW_Extra_EUR,Compliant,PROGRAMMATIC,DV360-YOUTUBE,8,GERMANY,EUR,EU/CEABT,DACH,82150,6794,335456,1118,17865,16485.2809,174313,0,0,YouTube
DE,DATAROMA_DE_199,DATAROMA_DE_2,DATAROMA_DE_MW_1,7/30/2024,de_kin_p7-8-vnp_mw_eu_other_brand_social_views_na_0624_115178,6/28/2024,8/16/2024,6.1,293966,Kind,miscellaneous,miscellaneous,DATORAMA,DE_Extra_mw_eur_YouTube_3,na,de_kin_p7-8-vnp_mw_eu_other_brand_social,kind,MW,social,brand,views,62024,199,DE_ESS_MARS_MW_Extra_EUR,Compliant,PROGRAMMATIC,DV360-YOUTUBE,8,GERMANY,EUR,EU/CEABT,DACH,184675,9731,805841,2522,46260,42687.32686,368433,0,0,YouTube
DE,DATAROMA_DE_199,DATAROMA_DE_2,DATAROMA_DE_MW_1,7/28/2024,de_kin_p7-8-vnp_mw_eu_other_brand_social_views_na_0624_115178,6/28/2024,8/16/2024,7.461538462,310850,Kind,miscellaneous,miscellaneous,DATORAMA,DE_Extra_mw_eur_YouTube_3,na,de_kin_p7-8-vnp_mw_eu_other_brand_social,kind,MW,social,brand,views,62024,199,DE_ESS_MARS_MW_Extra_EUR,Compliant,PROGRAMMATIC,DV360-YOUTUBE,8,GERMANY,EUR,EU/CEABT,DACH,237381,21450,1177623,2079,49898,46044.36308,622621,0,0,YouTube
DE,DATAROMA_DE_199,DATAROMA_DE_2,DATAROMA_DE_MW_1,8/3/2024,de_kin_p7-8-vnp_mw_eu_other_brand_social_views_na_0624_115178,6/28/2024,8/16/2024,6.2,202812,Kind,miscellaneous,miscellaneous,DATORAMA,DE_Extra_mw_eur_YouTube_3,na,de_kin_p7-8-vnp_mw_eu_other_brand_social,kind,MW,social,brand,views,62024,199,DE_ESS_MARS_MW_Extra_EUR,Compliant,PROGRAMMATIC,DV360-YOUTUBE,8,GERMANY,EUR,EU/CEABT,DACH,187595,16409,466171,1495,24851,22931.75011,279526,0,0,YouTube
DE,DATAROMA_DE_199,DATAROMA_DE_2,DATAROMA_DE_MW_1,7/8/2024,de_kin_p7-8-vnp_mw_eu_other_brand_social_views_na_0624_115178,6/28/2024,8/16/2024,6.833333333,217362,Kind,miscellaneous,miscellaneous,DATORAMA,DE_Extra_mw_eur_YouTube_3,na,de_kin_p7-8-vnp_mw_eu_other_brand_social,kind,MW,social,brand,views,62024,199,DE_ESS_MARS_MW_Extra_EUR,Compliant,PROGRAMMATIC,DV360-YOUTUBE,7,GERMANY,EUR,EU/CEABT,DACH,126097,47943,715645,2070,24246,22373.47443,393316,0,0,YouTube
DE,DATAROMA_DE_199,DATAROMA_DE_2,DATAROMA_DE_MW_1,7/6/2024,de_kin_p7-8-vnp_mw_eu_other_brand_social_views_na_0624_115178,6/28/2024,8/16/2024,5.625,120298,Kind,miscellaneous,miscellaneous,DATORAMA,DE_Extra_mw_eur_YouTube_3,na,de_kin_p7-8-vnp_mw_eu_other_brand_social,kind,MW,social,brand,views,62024,199,DE_ESS_MARS_MW_Extra_EUR,Compliant,PROGRAMMATIC,DV360-YOUTUBE,7,GERMANY,EUR,EU/CEABT,DACH,121501,8615,596131,1301,29600,27313.98347,235712,0,0,YouTube
DE,DATAROMA_DE_199,DATAROMA_DE_2,DATAROMA_DE_MW_1,7/17/2024,de_kin_p7-8-vnp_mw_eu_other_brand_social_views_na_0624_115178,6/28/2024,8/16/2024,6.142857143,153788,Kind,miscellaneous,miscellaneous,DATORAMA,DE_Extra_mw_eur_YouTube_3,na,de_kin_p7-8-vnp_mw_eu_other_brand_social,kind,MW,social,brand,views,62024,199,DE_ESS_MARS_MW_Extra_EUR,Compliant,PROGRAMMATIC,DV360-YOUTUBE,8,GERMANY,EUR,EU/CEABT,DACH,116016,14129,647306,1055,27706,25566.25763,316893,0,0,YouTube
DE,DATAROMA_DE_199,DATAROMA_DE_2,DATAROMA_DE_MW_1,7/13/2024,de_kin_p7-8-vnp_mw_eu_other_brand_social_views_na_0624_115178,6/28/2024,8/16/2024,7.3,133348,Kind,miscellaneous,miscellaneous,DATORAMA,DE_Extra_mw_eur_YouTube_3,na,de_kin_p7-8-vnp_mw_eu_other_brand_social,kind,MW,social,brand,views,62024,199,DE_ESS_MARS_MW_Extra_EUR,Compliant,PROGRAMMATIC,DV360-YOUTUBE,7,GERMANY,EUR,EU/CEABT,DACH,161938,6664,639876,1215,26722,24658.25224,280632,0,0,YouTube
DE,DATAROMA_DE_199,DATAROMA_DE_2,DATAROMA_DE_MW_1,8/1/2024,de_kin_p7-8-vnp_mw_eu_other_brand_social_views_na_0624_115178,6/28/2024,8/16/2024,5,112562,Kind,miscellaneous,miscellaneous,DATORAMA,DE_Extra_mw_eur_YouTube_3,na,de_kin_p7-8-vnp_mw_eu_other_brand_social,kind,MW,social,brand,views,62024,199,DE_ESS_MARS_MW_Extra_EUR,Compliant,PROGRAMMATIC,DV360-YOUTUBE,8,GERMANY,EUR,EU/CEABT,DACH,58004,3330,290695,519,17774,16401.30886,128766,0,0,YouTube
DE,DATAROMA_DE_199,DATAROMA_DE_2,DATAROMA_DE_MW_1,7/20/2024,de_kin_p7-8-vnp_mw_eu_other_brand_social_views_na_0624_115178,6/28/2024,8/16/2024,5.1,305551,Kind,miscellaneous,miscellaneous,DATORAMA,DE_Extra_mw_eur_YouTube_3,na,de_kin_p7-8-vnp_mw_eu_other_brand_social,kind,MW,social,brand,views,62024,199,DE_ESS_MARS_MW_Extra_EUR,Compliant,PROGRAMMATIC,DV360-YOUTUBE,8,GERMANY,EUR,EU/CEABT,DACH,510847,73628,1215381,4030,32490,29980.78793,780842,0,0,YouTube
DE,DATAROMA_DE_199,DATAROMA_DE_2,DATAROMA_DE_MW_1,8/12/2024,de_kin_p7-8-vnp_mw_eu_other_brand_social_views_na_0624_115178,6/28/2024,8/16/2024,5.777777778,293144,Kind,miscellaneous,miscellaneous,DATORAMA,DE_Extra_mw_eur_YouTube_3,na,de_kin_p7-8-vnp_mw_eu_other_brand_social,kind,MW,social,brand,views,62024,199,DE_ESS_MARS_MW_Extra_EUR,Compliant,PROGRAMMATIC,DV360-YOUTUBE,9,GERMANY,EUR,EU/CEABT,DACH,129633,6373,671271,949,41164,37984.89241,238557,0,0,YouTube
DE,DATAROMA_DE_199,DATAROMA_DE_2,DATAROMA_DE_MW_1,7/25/2024,de_kin_p7-8-vnp_mw_eu_other_brand_social_views_na_0624_115178,6/28/2024,8/16/2024,8.090909091,214458,Kind,miscellaneous,miscellaneous,DATORAMA,DE_Extra_mw_eur_YouTube_3,na,de_kin_p7-8-vnp_mw_eu_other_brand_social,kind,MW,social,brand,views,62024,199,DE_ESS_MARS_MW_Extra_EUR,Compliant,PROGRAMMATIC,DV360-YOUTUBE,8,GERMANY,EUR,EU/CEABT,DACH,343978,53493,1108165,4103,48593,44840.1486,614109,0,0,YouTube
DE,DATAROMA_DE_199,DATAROMA_DE_2,DATAROMA_DE_MW_1,7/11/2024,de_kin_p7-8-vnp_mw_eu_other_brand_social_views_na_0624_115178,6/28/2024,8/16/2024,7.333333333,151618,Kind,miscellaneous,miscellaneous,DATORAMA,DE_Extra_mw_eur_YouTube_3,na,de_kin_p7-8-vnp_mw_eu_other_brand_social,kind,MW,social,brand,views,62024,199,DE_ESS_MARS_MW_Extra_EUR,Compliant,PROGRAMMATIC,DV360-YOUTUBE,7,GERMANY,EUR,EU/CEABT,DACH,288010,40959,1014484,3868,43471,40113.72214,630361,0,0,YouTube
DE,DATAROMA_DE_199,DATAROMA_DE_2,DATAROMA_DE_MW_1,8/9/2024,de_kin_p7-8-vnp_mw_eu_other_brand_social_views_na_0624_115178,6/28/2024,8/16/2024,3.4,142539,Kind,miscellaneous,miscellaneous,DATORAMA,DE_Extra_mw_eur_YouTube_3,na,de_kin_p7-8-vnp_mw_eu_other_brand_social,kind,MW,social,brand,views,62024,199,DE_ESS_MARS_MW_Extra_EUR,Compliant,PROGRAMMATIC,DV360-YOUTUBE,8,GERMANY,EUR,EU/CEABT,DACH,41954,3924,390205,484,21107,19476.90031,118733,0,0,YouTube
DE,DATAROMA_DE_199,DATAROMA_DE_2,DATAROMA_DE_MW_1,7/23/2024,de_kin_p7-8-vnp_mw_eu_other_brand_social_views_na_0624_115178,6/28/2024,8/16/2024,5,208585,Kind,miscellaneous,miscellaneous,DATORAMA,DE_Extra_mw_eur_YouTube_3,na,de_kin_p7-8-vnp_mw_eu_other_brand_social,kind,MW,social,brand,views,62024,199,DE_ESS_MARS_MW_Extra_EUR,Compliant,PROGRAMMATIC,DV360-YOUTUBE,8,GERMANY,EUR,EU/CEABT,DACH,118282,11500,693875,1372,34155,31517.1995,249280,0,0,YouTube
DE,DATAROMA_DE_199,DATAROMA_DE_2,DATAROMA_DE_MW_1,8/13/2024,de_kin_p7-8-vnp_mw_eu_other_brand_social_views_na_0624_115178,6/28/2024,8/16/2024,4.928571429,432382,Kind,miscellaneous,miscellaneous,DATORAMA,DE_Extra_mw_eur_YouTube_3,na,de_kin_p7-8-vnp_mw_eu_other_brand_social,kind,MW,social,brand,views,62024,199,DE_ESS_MARS_MW_Extra_EUR,Compliant,PROGRAMMATIC,DV360-YOUTUBE,9,GERMANY,EUR,EU/CEABT,DACH,482538,60737,1531971,4480,51285,47324.24467,898950,0,0,YouTube
DE,DATAROMA_DE_199,DATAROMA_DE_2,DATAROMA_DE_MW_1,8/14/2024,de_kin_p7-8-vnp_mw_eu_other_brand_social_views_na_0624_115178,6/28/2024,8/16/2024,7.571428571,85706,Kind,miscellaneous,miscellaneous,DATORAMA,DE_Extra_mw_eur_YouTube_3,na,de_kin_p7-8-vnp_mw_eu_other_brand_social,kind,MW,social,brand,views,62024,199,DE_ESS_MARS_MW_Extra_EUR,Compliant,PROGRAMMATIC,DV360-YOUTUBE,9,GERMANY,EUR,EU/CEABT,DACH,254907,16237,650326,2915,18045,16651.37945,385340,0,0,YouTube
DE,DATAROMA_DE_199,DATAROMA_DE_2,DATAROMA_DE_MW_1,8/6/2024,de_kin_p7-8-vnp_mw_eu_other_brand_social_views_na_0624_115178,6/28/2024,8/16/2024,6.545454545,353778,Kind,miscellaneous,miscellaneous,DATORAMA,DE_Extra_mw_eur_YouTube_3,na,de_kin_p7-8-vnp_mw_eu_other_brand_social,kind,MW,social,brand,views,62024,199,DE_ESS_MARS_MW_Extra_EUR,Compliant,PROGRAMMATIC,DV360-YOUTUBE,8,GERMANY,EUR,EU/CEABT,DACH,250626,67851,1182867,2417,40971,37806.79786,508450,0,0,YouTube
DE,DATAROMA_DE_199,DATAROMA_DE_2,DATAROMA_DE_MW_1,7/18/2024,de_kin_p7-8-vnp_mw_eu_other_brand_social_views_na_0624_115178,6/28/2024,8/16/2024,5.6,123017,Kind,miscellaneous,miscellaneous,DATORAMA,DE_Extra_mw_eur_YouTube_3,na,de_kin_p7-8-vnp_mw_eu_other_brand_social,kind,MW,social,brand,views,62024,199,DE_ESS_MARS_MW_Extra_EUR,Compliant,PROGRAMMATIC,DV360-YOUTUBE,8,GERMANY,EUR,EU/CEABT,DACH,253851,2779,551777,1970,16793,15496.07177,315776,0,0,YouTube
DE,DATAROMA_DE_199,DATAROMA_DE_2,DATAROMA_DE_MW_1,8/7/2024,de_kin_p7-8-vnp_mw_eu_other_brand_social_views_na_0624_115178,6/28/2024,8/16/2024,6.333333333,191612,Kind,miscellaneous,miscellaneous,DATORAMA,DE_Extra_mw_eur_YouTube_3,na,de_kin_p7-8-vnp_mw_eu_other_brand_social,kind,MW,social,brand,views,62024,199,DE_ESS_MARS_MW_Extra_EUR,Compliant,PROGRAMMATIC,DV360-YOUTUBE,8,GERMANY,EUR,EU/CEABT,DACH,144469,28228,581593,1621,21362,19712.20658,301643,0,0,YouTube
DE,DATAROMA_DE_199,DATAROMA_DE_2,DATAROMA_DE_MW_1,7/16/2024,de_kin_p7-8-vnp_mw_eu_other_brand_social_views_na_0624_115178,6/28/2024,8/16/2024,6.5,188280,Kind,miscellaneous,miscellaneous,DATORAMA,DE_Extra_mw_eur_YouTube_3,na,de_kin_p7-8-vnp_mw_eu_other_brand_social,kind,MW,social,brand,views,62024,199,DE_ESS_MARS_MW_Extra_EUR,Compliant,PROGRAMMATIC,DV360-YOUTUBE,8,GERMANY,EUR,EU/CEABT,DACH,198655,13555,685200,2331,20751,19148.39429,385088,0,0,YouTube
DE,DATAROMA_DE_199,DATAROMA_DE_2,DATAROMA_DE_MW_1,7/26/2024,de_kin_p7-8-vnp_mw_eu_other_brand_social_views_na_0624_115178,6/28/2024,8/16/2024,5.363636364,385588,Kind,miscellaneous,miscellaneous,DATORAMA,DE_Extra_mw_eur_YouTube_3,na,de_kin_p7-8-vnp_mw_eu_other_brand_social,kind,MW,social,brand,views,62024,199,DE_ESS_MARS_MW_Extra_EUR,Compliant,PROGRAMMATIC,DV360-YOUTUBE,8,GERMANY,EUR,EU/CEABT,DACH,282807,17471,1055861,2529,43524,40162.62894,456238,0,0,YouTube
DE,DATAROMA_DE_199,DATAROMA_DE_2,DATAROMA_DE_MW_1,8/4/2024,de_kin_p7-8-vnp_mw_eu_other_brand_social_views_na_0624_115178,6/28/2024,8/16/2024,6.75,200932,Kind,miscellaneous,miscellaneous,DATORAMA,DE_Extra_mw_eur_YouTube_3,na,de_kin_p7-8-vnp_mw_eu_other_brand_social,kind,MW,social,brand,views,62024,199,DE_ESS_MARS_MW_Extra_EUR,Compliant,PROGRAMMATIC,DV360-YOUTUBE,8,GERMANY,EUR,EU/CEABT,DACH,280831,23128,918046,1791,15037,13875.68815,398664,0,0,YouTube
DE,DATAROMA_DE_199,DATAROMA_DE_2,DATAROMA_DE_MW_1,6/30/2024,de_kin_p7-8-vnp_mw_eu_other_brand_social_views_na_0624_115178,6/28/2024,8/16/2024,7.428571429,85884,Kind,miscellaneous,miscellaneous,DATORAMA,DE_Extra_mw_eur_YouTube_3,na,de_kin_p7-8-vnp_mw_eu_other_brand_social,kind,MW,social,brand,views,62024,199,DE_ESS_MARS_MW_Extra_EUR,Compliant,PROGRAMMATIC,DV360-YOUTUBE,7,GERMANY,EUR,EU/CEABT,DACH,214785,23053,468370,1095,27040,24951.69301,363888,0,0,YouTube
DE,DATAROMA_DE_199,DATAROMA_DE_2,DATAROMA_DE_MW_1,7/21/2024,de_kin_p7-8-vnp_mw_eu_other_brand_social_views_na_0624_115178,6/28/2024,8/16/2024,8.444444444,87136,Kind,miscellaneous,miscellaneous,DATORAMA,DE_Extra_mw_eur_YouTube_3,na,de_kin_p7-8-vnp_mw_eu_other_brand_social,kind,MW,social,brand,views,62024,199,DE_ESS_MARS_MW_Extra_EUR,Compliant,PROGRAMMATIC,DV360-YOUTUBE,8,GERMANY,EUR,EU/CEABT,DACH,208728,13525,590128,2435,49757,45914.25255,400161,0,0,YouTube
DE,DATAROMA_DE_199,DATAROMA_DE_2,DATAROMA_DE_MW_1,7/27/2024,de_kin_p7-8-vnp_mw_eu_other_brand_social_views_na_0624_115178,6/28/2024,8/16/2024,7.142857143,170895,Kind,miscellaneous,miscellaneous,DATORAMA,DE_Extra_mw_eur_YouTube_3,na,de_kin_p7-8-vnp_mw_eu_other_brand_social,kind,MW,social,brand,views,62024,199,DE_ESS_MARS_MW_Extra_EUR,Compliant,PROGRAMMATIC,DV360-YOUTUBE,8,GERMANY,EUR,EU/CEABT,DACH,66313,11854,567519,994,41610,38396.44771,151178,0,0,YouTube
DE,DATAROMA_DE_199,DATAROMA_DE_2,DATAROMA_DE_MW_1,7/9/2024,de_kin_p7-8-vnp_mw_eu_other_brand_social_views_na_0624_115178,6/28/2024,8/16/2024,7,150051,Kind,miscellaneous,miscellaneous,DATORAMA,DE_Extra_mw_eur_YouTube_3,na,de_kin_p7-8-vnp_mw_eu_other_brand_social,kind,MW,social,brand,views,62024,199,DE_ESS_MARS_MW_Extra_EUR,Compliant,PROGRAMMATIC,DV360-YOUTUBE,7,GERMANY,EUR,EU/CEABT,DACH,110488,37034,774181,2565,34470,31807.87196,550802,0,0,YouTube
DE,DATAROMA_DE_199,DATAROMA_DE_2,DATAROMA_DE_MW_1,8/8/2024,de_kin_p7-8-vnp_mw_eu_other_brand_social_views_na_0624_115178,6/28/2024,8/16/2024,6.75,223065,Kind,miscellaneous,miscellaneous,DATORAMA,DE_Extra_mw_eur_YouTube_3,na,de_kin_p7-8-vnp_mw_eu_other_brand_social,kind,MW,social,brand,views,62024,199,DE_ESS_MARS_MW_Extra_EUR,Compliant,PROGRAMMATIC,DV360-YOUTUBE,8,GERMANY,EUR,EU/CEABT,DACH,222885,15063,1081360,1725,46485,42894.95005,436166,0,0,YouTube
DE,DATAROMA_DE_199,DATAROMA_DE_2,DATAROMA_DE_MW_1,8/2/2024,de_kin_p7-8-vnp_mw_eu_other_brand_social_views_na_0624_115178,6/28/2024,8/16/2024,6.142857143,173499,Kind,miscellaneous,miscellaneous,DATORAMA,DE_Extra_mw_eur_YouTube_3,na,de_kin_p7-8-vnp_mw_eu_other_brand_social,kind,MW,social,brand,views,62024,199,DE_ESS_MARS_MW_Extra_EUR,Compliant,PROGRAMMATIC,DV360-YOUTUBE,8,GERMANY,EUR,EU/CEABT,DACH,169812,31722,650859,2535,25273,23321.15892,362654,0,0,YouTube
DE,DATAROMA_DE_199,DATAROMA_DE_2,DATAROMA_DE_MW_1,6/28/2024,de_kin_p7-8-vnp_mw_eu_other_brand_social_views_na_0624_115178,6/28/2024,8/16/2024,5.4,141979,Kind,miscellaneous,miscellaneous,DATORAMA,DE_Extra_mw_eur_YouTube_3,na,de_kin_p7-8-vnp_mw_eu_other_brand_social,kind,MW,social,brand,views,62024,199,DE_ESS_MARS_MW_Extra_EUR,Compliant,PROGRAMMATIC,DV360-YOUTUBE,7,GERMANY,EUR,EU/CEABT,DACH,156578,22694,629403,1302,16062,14821.52711,278253,1364512.741,1259131.029,YouTube
DE,DATAROMA_DE_199,DATAROMA_DE_2,DATAROMA_DE_MW_1,7/3/2024,de_kin_p7-8-vnp_mw_eu_other_brand_social_views_na_0624_115178,6/28/2024,8/16/2024,4.333333333,310404,Kind,miscellaneous,miscellaneous,DATORAMA,DE_Extra_mw_eur_YouTube_3,na,de_kin_p7-8-vnp_mw_eu_other_brand_social,kind,MW,social,brand,views,62024,199,DE_ESS_MARS_MW_Extra_EUR,Compliant,PROGRAMMATIC,DV360-YOUTUBE,7,GERMANY,EUR,EU/CEABT,DACH,182480,11704,522687,1347,13795,12729.60817,222201,0,0,YouTube
DE,DATAROMA_DE_199,DATAROMA_DE_2,DATAROMA_DE_MW_1,8/11/2024,de_kin_p7-8-vnp_mw_eu_other_brand_social_views_na_0624_115178,6/28/2024,8/16/2024,5.428571429,260148,Kind,miscellaneous,miscellaneous,DATORAMA,DE_Extra_mw_eur_YouTube_3,na,de_kin_p7-8-vnp_mw_eu_other_brand_social,kind,MW,social,brand,views,62024,199,DE_ESS_MARS_MW_Extra_EUR,Compliant,PROGRAMMATIC,DV360-YOUTUBE,9,GERMANY,EUR,EU/CEABT,DACH,182679,13566,741439,1150,44291,40870.3933,370707,0,0,YouTube
DE,DATAROMA_DE_200,DATAROMA_DE_2,DATAROMA_DE_MW_1,9/8/2024,de_kin_p9-10-vnp_mw_eu_other_brand_olv_engagement_dir-nadr_0824_111862,8/29/2024,10/14/2024,7.076923077,224718,Kind,miscellaneous,miscellaneous,DATORAMA,DE_Extra_mw_eur_YouTube_4,bid-adr,de_kin_p9-10-vnp_mw_eu_other_brand_olv,kind,MW,olv,brand,engagement,82024,200,DE_ESS_MARS_MW_Extra_EUR,Compliant,PROGRAMMATIC,DV360-YOUTUBE,10,GERMANY,EUR,EU/CEABT,DACH,149595,40640,1076943,2874,51625,47637.98637,587524,0,0,YouTube
DE,DATAROMA_DE_200,DATAROMA_DE_2,DATAROMA_DE_MW_1,9/4/2024,de_kin_p9-10-vnp_mw_eu_other_brand_olv_engagement_dir-nadr_0824_111862,8/29/2024,10/14/2024,5.7,411781,Kind,miscellaneous,miscellaneous,DATORAMA,DE_Extra_mw_eur_YouTube_4,bid-adr,de_kin_p9-10-vnp_mw_eu_other_brand_olv,kind,MW,olv,brand,engagement,82024,200,DE_ESS_MARS_MW_Extra_EUR,Compliant,PROGRAMMATIC,DV360-YOUTUBE,9,GERMANY,EUR,EU/CEABT,DACH,195341,20030,1168804,3081,37832,34910.22374,620765,0,0,YouTube
DE,DATAROMA_DE_200,DATAROMA_DE_2,DATAROMA_DE_MW_1,9/12/2024,de_kin_p9-10-vnp_mw_eu_other_brand_olv_engagement_dir-nadr_0824_111862,8/29/2024,10/14/2024,6.142857143,104491,Kind,miscellaneous,miscellaneous,DATORAMA,DE_Extra_mw_eur_YouTube_4,bid-adr,de_kin_p9-10-vnp_mw_eu_other_brand_olv,kind,MW,olv,brand,engagement,82024,200,DE_ESS_MARS_MW_Extra_EUR,Compliant,PROGRAMMATIC,DV360-YOUTUBE,10,GERMANY,EUR,EU/CEABT,DACH,149905,28845,565277,1804,25259,23308.24015,289496,0,0,YouTube
DE,DATAROMA_DE_200,DATAROMA_DE_2,DATAROMA_DE_MW_1,10/7/2024,de_kin_p9-10-vnp_mw_eu_other_brand_olv_engagement_dir-nadr_0824_111862,8/29/2024,10/14/2024,5.375,274984,Kind,miscellaneous,miscellaneous,DATORAMA,DE_Extra_mw_eur_YouTube_4,bid-adr,de_kin_p9-10-vnp_mw_eu_other_brand_olv,kind,MW,olv,brand,engagement,82024,200,DE_ESS_MARS_MW_Extra_EUR,Compliant,PROGRAMMATIC,DV360-YOUTUBE,11,GERMANY,EUR,EU/CEABT,DACH,146266,14411,621695,1715,28166,25990.7317,406186,0,0,YouTube
DE,DATAROMA_DE_200,DATAROMA_DE_2,DATAROMA_DE_MW_1,9/13/2024,de_kin_p9-10-vnp_mw_eu_other_brand_olv_engagement_dir-nadr_0824_111862,8/29/2024,10/14/2024,7.714285714,71496,Kind,miscellaneous,miscellaneous,DATORAMA,DE_Extra_mw_eur_YouTube_4,bid-adr,de_kin_p9-10-vnp_mw_eu_other_brand_olv,kind,MW,olv,brand,engagement,82024,200,DE_ESS_MARS_MW_Extra_EUR,Compliant,PROGRAMMATIC,DV360-YOUTUBE,10,GERMANY,EUR,EU/CEABT,DACH,162196,7915,350731,852,29579,27294.6053,237509,0,0,YouTube
DE,DATAROMA_DE_200,DATAROMA_DE_2,DATAROMA_DE_MW_1,9/19/2024,de_kin_p9-10-vnp_mw_eu_other_brand_olv_engagement_dir-nadr_0824_111862,8/29/2024,10/14/2024,5.25,271786,Kind,miscellaneous,miscellaneous,DATORAMA,DE_Extra_mw_eur_YouTube_4,bid-adr,de_kin_p9-10-vnp_mw_eu_other_brand_olv,kind,MW,olv,brand,engagement,82024,200,DE_ESS_MARS_MW_Extra_EUR,Compliant,PROGRAMMATIC,DV360-YOUTUBE,10,GERMANY,EUR,EU/CEABT,DACH,223520,18227,572994,918,31033,28636.31247,309022,0,0,YouTube
DE,DATAROMA_DE_200,DATAROMA_DE_2,DATAROMA_DE_MW_1,8/31/2024,de_kin_p9-10-vnp_mw_eu_other_brand_olv_engagement_dir-nadr_0824_111862,8/29/2024,10/14/2024,7.888888889,199062,Kind,miscellaneous,miscellaneous,DATORAMA,DE_Extra_mw_eur_YouTube_4,bid-adr,de_kin_p9-10-vnp_mw_eu_other_brand_olv,kind,MW,olv,brand,engagement,82024,200,DE_ESS_MARS_MW_Extra_EUR,Compliant,PROGRAMMATIC,DV360-YOUTUBE,9,GERMANY,EUR,EU/CEABT,DACH,235329,31555,859751,3119,37856,34932.37021,478997,0,0,YouTube
DE,DATAROMA_DE_200,DATAROMA_DE_2,DATAROMA_DE_MW_1,9/25/2024,de_kin_p9-10-vnp_mw_eu_other_brand_olv_engagement_dir-nadr_0824_111862,8/29/2024,10/14/2024,7.125,136130,Kind,miscellaneous,miscellaneous,DATORAMA,DE_Extra_mw_eur_YouTube_4,bid-adr,de_kin_p9-10-vnp_mw_eu_other_brand_olv,kind,MW,olv,brand,engagement,82024,200,DE_ESS_MARS_MW_Extra_EUR,Compliant,PROGRAMMATIC,DV360-YOUTUBE,10,GERMANY,EUR,EU/CEABT,DACH,218254,52660,880463,3401,38663,35677.04536,525378,0,0,YouTube
DE,DATAROMA_DE_200,DATAROMA_DE_2,DATAROMA_DE_MW_1,10/1/2024,de_kin_p9-10-vnp_mw_eu_other_brand_olv_engagement_dir-nadr_0824_111862,8/29/2024,10/14/2024,7.818181818,223623,Kind,miscellaneous,miscellaneous,DATORAMA,DE_Extra_mw_eur_YouTube_4,bid-adr,de_kin_p9-10-vnp_mw_eu_other_brand_olv,kind,MW,olv,brand,engagement,82024,200,DE_ESS_MARS_MW_Extra_EUR,Compliant,PROGRAMMATIC,DV360-YOUTUBE,10,GERMANY,EUR,EU/CEABT,DACH,491952,46811,1310709,3993,42186,38927.96306,905552,0,0,YouTube
DE,DATAROMA_DE_200,DATAROMA_DE_2,DATAROMA_DE_MW_1,9/15/2024,de_kin_p9-10-vnp_mw_eu_other_brand_olv_engagement_dir-nadr_0824_111862,8/29/2024,10/14/2024,6.769230769,191248,Kind,miscellaneous,miscellaneous,DATORAMA,DE_Extra_mw_eur_YouTube_4,bid-adr,de_kin_p9-10-vnp_mw_eu_other_brand_olv,kind,MW,olv,brand,engagement,82024,200,DE_ESS_MARS_MW_Extra_EUR,Compliant,PROGRAMMATIC,DV360-YOUTUBE,10,GERMANY,EUR,EU/CEABT,DACH,148669,14533,954371,3188,50702,46786.26992,537795,0,0,YouTube
DE,DATAROMA_DE_200,DATAROMA_DE_2,DATAROMA_DE_MW_1,9/6/2024,de_kin_p9-10-vnp_mw_eu_other_brand_olv_engagement_dir-nadr_0824_111862,8/29/2024,10/14/2024,7,175410,Kind,miscellaneous,miscellaneous,DATORAMA,DE_Extra_mw_eur_YouTube_4,bid-adr,de_kin_p9-10-vnp_mw_eu_other_brand_olv,kind,MW,olv,brand,engagement,82024,200,DE_ESS_MARS_MW_Extra_EUR,Compliant,PROGRAMMATIC,DV360-YOUTUBE,9,GERMANY,EUR,EU/CEABT,DACH,239412,21417,1043384,2185,50998,47059.40976,499019,0,0,YouTube
DE,DATAROMA_DE_200,DATAROMA_DE_2,DATAROMA_DE_MW_1,10/11/2024,de_kin_p9-10-vnp_mw_eu_other_brand_olv_engagement_dir-nadr_0824_111862,8/29/2024,10/14/2024,6.333333333,228523,Kind,miscellaneous,miscellaneous,DATORAMA,DE_Extra_mw_eur_YouTube_4,bid-adr,de_kin_p9-10-vnp_mw_eu_other_brand_olv,kind,MW,olv,brand,engagement,82024,200,DE_ESS_MARS_MW_Extra_EUR,Compliant,PROGRAMMATIC,DV360-YOUTUBE,11,GERMANY,EUR,EU/CEABT,DACH,88504,68777,808256,1526,37180,34308.57788,341563,0,0,YouTube
DE,DATAROMA_DE_200,DATAROMA_DE_2,DATAROMA_DE_MW_1,10/4/2024,de_kin_p9-10-vnp_mw_eu_other_brand_olv_engagement_dir-nadr_0824_111862,8/29/2024,10/14/2024,6.714285714,122441,Kind,miscellaneous,miscellaneous,DATORAMA,DE_Extra_mw_eur_YouTube_4,bid-adr,de_kin_p9-10-vnp_mw_eu_other_brand_olv,kind,MW,olv,brand,engagement,82024,200,DE_ESS_MARS_MW_Extra_EUR,Compliant,PROGRAMMATIC,DV360-YOUTUBE,10,GERMANY,EUR,EU/CEABT,DACH,79380,69770,618789,1723,20247,18683.31835,409194,0,0,YouTube
DE,DATAROMA_DE_200,DATAROMA_DE_2,DATAROMA_DE_MW_1,8/29/2024,de_kin_p9-10-vnp_mw_eu_other_brand_olv_engagement_dir-nadr_0824_111862,8/29/2024,10/14/2024,6.636363636,291653,Kind,miscellaneous,miscellaneous,DATORAMA,DE_Extra_mw_eur_YouTube_4,bid-adr,de_kin_p9-10-vnp_mw_eu_other_brand_olv,kind,MW,olv,brand,engagement,82024,200,DE_ESS_MARS_MW_Extra_EUR,Compliant,PROGRAMMATIC,DV360-YOUTUBE,9,GERMANY,EUR,EU/CEABT,DACH,183095,23095,1087647,2426,39768,36696.7059,459933,1753643.022,1618208.666,YouTube
DE,DATAROMA_DE_200,DATAROMA_DE_2,DATAROMA_DE_MW_1,9/27/2024,de_kin_p9-10-vnp_mw_eu_other_brand_olv_engagement_dir-nadr_0824_111862,8/29/2024,10/14/2024,6.222222222,283612,Kind,miscellaneous,miscellaneous,DATORAMA,DE_Extra_mw_eur_YouTube_4,bid-adr,de_kin_p9-10-vnp_mw_eu_other_brand_olv,kind,MW,olv,brand,engagement,82024,200,DE_ESS_MARS_MW_Extra_EUR,Compliant,PROGRAMMATIC,DV360-YOUTUBE,10,GERMANY,EUR,EU/CEABT,DACH,137868,12027,849262,696,31925,29459.42305,295180,0,0,YouTube
DE,DATAROMA_DE_200,DATAROMA_DE_2,DATAROMA_DE_MW_1,10/12/2024,de_kin_p9-10-vnp_mw_eu_other_brand_olv_engagement_dir-nadr_0824_111862,8/29/2024,10/14/2024,5.9,223433,Kind,miscellaneous,miscellaneous,DATORAMA,DE_Extra_mw_eur_YouTube_4,bid-adr,de_kin_p9-10-vnp_mw_eu_other_brand_olv,kind,MW,olv,brand,engagement,82024,200,DE_ESS_MARS_MW_Extra_EUR,Compliant,PROGRAMMATIC,DV360-YOUTUBE,11,GERMANY,EUR,EU/CEABT,DACH,174882,30733,793882,854,44571,41128.76882,350920,0,0,YouTube
DE,DATAROMA_DE_200,DATAROMA_DE_2,DATAROMA_DE_MW_1,10/10/2024,de_kin_p9-10-vnp_mw_eu_other_brand_olv_engagement_dir-nadr_0824_111862,8/29/2024,10/14/2024,6.090909091,278603,Kind,miscellaneous,miscellaneous,DATORAMA,DE_Extra_mw_eur_YouTube_4,bid-adr,de_kin_p9-10-vnp_mw_eu_other_brand_olv,kind,MW,olv,brand,engagement,82024,200,DE_ESS_MARS_MW_Extra_EUR,Compliant,PROGRAMMATIC,DV360-YOUTUBE,11,GERMANY,EUR,EU/CEABT,DACH,303454,11794,938724,1826,42985,39665.25606,437006,0,0,YouTube
DE,DATAROMA_DE_200,DATAROMA_DE_2,DATAROMA_DE_MW_1,9/22/2024,de_kin_p9-10-vnp_mw_eu_other_brand_olv_engagement_dir-nadr_0824_111862,8/29/2024,10/14/2024,7.692307692,152229,Kind,miscellaneous,miscellaneous,DATORAMA,DE_Extra_mw_eur_YouTube_4,bid-adr,de_kin_p9-10-vnp_mw_eu_other_brand_olv,kind,MW,olv,brand,engagement,82024,200,DE_ESS_MARS_MW_Extra_EUR,Compliant,PROGRAMMATIC,DV360-YOUTUBE,10,GERMANY,EUR,EU/CEABT,DACH,301966,11778,1032534,2154,64745,59744.72499,505427,0,0,YouTube
DE,DATAROMA_DE_200,DATAROMA_DE_2,DATAROMA_DE_MW_1,9/26/2024,de_kin_p9-10-vnp_mw_eu_other_brand_olv_engagement_dir-nadr_0824_111862,8/29/2024,10/14/2024,7.333333333,144091,Kind,miscellaneous,miscellaneous,DATORAMA,DE_Extra_mw_eur_YouTube_4,bid-adr,de_kin_p9-10-vnp_mw_eu_other_brand_olv,kind,MW,olv,brand,engagement,82024,200,DE_ESS_MARS_MW_Extra_EUR,Compliant,PROGRAMMATIC,DV360-YOUTUBE,10,GERMANY,EUR,EU/CEABT,DACH,82869,16636,847303,2036,28242,26060.8622,385389,0,0,YouTube
DE,DATAROMA_DE_200,DATAROMA_DE_2,DATAROMA_DE_MW_1,10/5/2024,de_kin_p9-10-vnp_mw_eu_other_brand_olv_engagement_dir-nadr_0824_111862,8/29/2024,10/14/2024,5.571428571,239247,Kind,miscellaneous,miscellaneous,DATORAMA,DE_Extra_mw_eur_YouTube_4,bid-adr,de_kin_p9-10-vnp_mw_eu_other_brand_olv,kind,MW,olv,brand,engagement,82024,200,DE_ESS_MARS_MW_Extra_EUR,Compliant,PROGRAMMATIC,DV360-YOUTUBE,10,GERMANY,EUR,EU/CEABT,DACH,109660,9226,632875,638,29576,27291.83699,222346,0,0,YouTube
DE,DATAROMA_DE_200,DATAROMA_DE_2,DATAROMA_DE_MW_1,8/30/2024,de_kin_p9-10-vnp_mw_eu_other_brand_olv_engagement_dir-nadr_0824_111862,8/29/2024,10/14/2024,6.142857143,176359,Kind,miscellaneous,miscellaneous,DATORAMA,DE_Extra_mw_eur_YouTube_4,bid-adr,de_kin_p9-10-vnp_mw_eu_other_brand_olv,kind,MW,olv,brand,engagement,82024,200,DE_ESS_MARS_MW_Extra_EUR,Compliant,PROGRAMMATIC,DV360-YOUTUBE,9,GERMANY,EUR,EU/CEABT,DACH,160349,13174,722899,1312,23568,21747.83657,227706,0,0,YouTube
DE,DATAROMA_DE_200,DATAROMA_DE_2,DATAROMA_DE_MW_1,9/3/2024,de_kin_p9-10-vnp_mw_eu_other_brand_olv_engagement_dir-nadr_0824_111862,8/29/2024,10/14/2024,7.5,120900,Kind,miscellaneous,miscellaneous,DATORAMA,DE_Extra_mw_eur_YouTube_4,bid-adr,de_kin_p9-10-vnp_mw_eu_other_brand_olv,kind,MW,olv,brand,engagement,82024,200,DE_ESS_MARS_MW_Extra_EUR,Compliant,PROGRAMMATIC,DV360-YOUTUBE,9,GERMANY,EUR,EU/CEABT,DACH,78772,23615,767391,627,25430,23466.03377,350432,0,0,YouTube
DE,DATAROMA_DE_200,DATAROMA_DE_2,DATAROMA_DE_MW_1,9/11/2024,de_kin_p9-10-vnp_mw_eu_other_brand_olv_engagement_dir-nadr_0824_111862,8/29/2024,10/14/2024,7.5,292982,Kind,miscellaneous,miscellaneous,DATORAMA,DE_Extra_mw_eur_YouTube_4,bid-adr,de_kin_p9-10-vnp_mw_eu_other_brand_olv,kind,MW,olv,brand,engagement,82024,200,DE_ESS_MARS_MW_Extra_EUR,Compliant,PROGRAMMATIC,DV360-YOUTUBE,10,GERMANY,EUR,EU/CEABT,DACH,295467,22485,1013016,2843,27629,25495.20436,451078,0,0,YouTube
DE,DATAROMA_DE_200,DATAROMA_DE_2,DATAROMA_DE_MW_1,9/17/2024,de_kin_p9-10-vnp_mw_eu_other_brand_olv_engagement_dir-nadr_0824_111862,8/29/2024,10/14/2024,4.4,145838,Kind,miscellaneous,miscellaneous,DATORAMA,DE_Extra_mw_eur_YouTube_4,bid-adr,de_kin_p9-10-vnp_mw_eu_other_brand_olv,kind,MW,olv,brand,engagement,82024,200,DE_ESS_MARS_MW_Extra_EUR,Compliant,PROGRAMMATIC,DV360-YOUTUBE,10,GERMANY,EUR,EU/CEABT,DACH,190199,3675,614210,1647,30952,28561.56812,298029,0,0,YouTube
DE,DATAROMA_DE_200,DATAROMA_DE_2,DATAROMA_DE_MW_1,9/21/2024,de_kin_p9-10-vnp_mw_eu_other_brand_olv_engagement_dir-nadr_0824_111862,8/29/2024,10/14/2024,5.333333333,264145,Kind,miscellaneous,miscellaneous,DATORAMA,DE_Extra_mw_eur_YouTube_4,bid-adr,de_kin_p9-10-vnp_mw_eu_other_brand_olv,kind,MW,olv,brand,engagement,82024,200,DE_ESS_MARS_MW_Extra_EUR,Compliant,PROGRAMMATIC,DV360-YOUTUBE,10,GERMANY,EUR,EU/CEABT,DACH,83135,43069,701003,856,17834,16456.67504,288903,0,0,YouTube
DE,DATAROMA_DE_200,DATAROMA_DE_2,DATAROMA_DE_MW_1,9/16/2024,de_kin_p9-10-vnp_mw_eu_other_brand_olv_engagement_dir-nadr_0824_111862,8/29/2024,10/14/2024,7,109513,Kind,miscellaneous,miscellaneous,DATORAMA,DE_Extra_mw_eur_YouTube_4,bid-adr,de_kin_p9-10-vnp_mw_eu_other_brand_olv,kind,MW,olv,brand,engagement,82024,200,DE_ESS_MARS_MW_Extra_EUR,Compliant,PROGRAMMATIC,DV360-YOUTUBE,10,GERMANY,EUR,EU/CEABT,DACH,105298,11553,574482,935,15448,14254.94651,169434,0,0,YouTube
DE,DATAROMA_DE_200,DATAROMA_DE_2,DATAROMA_DE_MW_1,9/24/2024,de_kin_p9-10-vnp_mw_eu_other_brand_olv_engagement_dir-nadr_0824_111862,8/29/2024,10/14/2024,5.4,180532,Kind,miscellaneous,miscellaneous,DATORAMA,DE_Extra_mw_eur_YouTube_4,bid-adr,de_kin_p9-10-vnp_mw_eu_other_brand_olv,kind,MW,olv,brand,engagement,82024,200,DE_ESS_MARS_MW_Extra_EUR,Compliant,PROGRAMMATIC,DV360-YOUTUBE,10,GERMANY,EUR,EU/CEABT,DACH,47408,41940,451191,1092,21611,19941.97624,299530,0,0,YouTube
DE,DATAROMA_DE_200,DATAROMA_DE_2,DATAROMA_DE_MW_1,10/14/2024,de_kin_p9-10-vnp_mw_eu_other_brand_olv_engagement_dir-nadr_0824_111862,8/29/2024,10/14/2024,7.444444444,144757,Kind,miscellaneous,miscellaneous,DATORAMA,DE_Extra_mw_eur_YouTube_4,bid-adr,de_kin_p9-10-vnp_mw_eu_other_brand_olv,kind,MW,olv,brand,engagement,82024,200,DE_ESS_MARS_MW_Extra_EUR,Compliant,PROGRAMMATIC,DV360-YOUTUBE,11,GERMANY,EUR,EU/CEABT,DACH,183350,11664,747510,2032,35724,32965.02518,327845,0,0,YouTube
DE,DATAROMA_DE_200,DATAROMA_DE_2,DATAROMA_DE_MW_1,9/20/2024,de_kin_p9-10-vnp_mw_eu_other_brand_olv_engagement_dir-nadr_0824_111862,8/29/2024,10/14/2024,5.875,171140,Kind,miscellaneous,miscellaneous,DATORAMA,DE_Extra_mw_eur_YouTube_4,bid-adr,de_kin_p9-10-vnp_mw_eu_other_brand_olv,kind,MW,olv,brand,engagement,82024,200,DE_ESS_MARS_MW_Extra_EUR,Compliant,PROGRAMMATIC,DV360-YOUTUBE,10,GERMANY,EUR,EU/CEABT,DACH,111829,8625,633038,1394,15135,13966.11959,234581,0,0,YouTube
DE,DATAROMA_DE_200,DATAROMA_DE_2,DATAROMA_DE_MW_1,9/2/2024,de_kin_p9-10-vnp_mw_eu_other_brand_olv_engagement_dir-nadr_0824_111862,8/29/2024,10/14/2024,8.142857143,209278,Kind,miscellaneous,miscellaneous,DATORAMA,DE_Extra_mw_eur_YouTube_4,bid-adr,de_kin_p9-10-vnp_mw_eu_other_brand_olv,kind,MW,olv,brand,engagement,82024,200,DE_ESS_MARS_MW_Extra_EUR,Compliant,PROGRAMMATIC,DV360-YOUTUBE,9,GERMANY,EUR,EU/CEABT,DACH,284601,27485,1157662,2308,59948,55318.19868,622570,0,0,YouTube
DE,DATAROMA_DE_200,DATAROMA_DE_2,DATAROMA_DE_MW_1,9/28/2024,de_kin_p9-10-vnp_mw_eu_other_brand_olv_engagement_dir-nadr_0824_111862,8/29/2024,10/14/2024,6.777777778,180042,Kind,miscellaneous,miscellaneous,DATORAMA,DE_Extra_mw_eur_YouTube_4,bid-adr,de_kin_p9-10-vnp_mw_eu_other_brand_olv,kind,MW,olv,brand,engagement,82024,200,DE_ESS_MARS_MW_Extra_EUR,Compliant,PROGRAMMATIC,DV360-YOUTUBE,10,GERMANY,EUR,EU/CEABT,DACH,179427,22508,699738,2494,40995,37828.94433,408175,0,0,YouTube
DE,DATAROMA_DE_200,DATAROMA_DE_2,DATAROMA_DE_MW_1,9/9/2024,de_kin_p9-10-vnp_mw_eu_other_brand_olv_engagement_dir-nadr_0824_111862,8/29/2024,10/14/2024,4.142857143,205033,Kind,miscellaneous,miscellaneous,DATORAMA,DE_Extra_mw_eur_YouTube_4,bid-adr,de_kin_p9-10-vnp_mw_eu_other_brand_olv,kind,MW,olv,brand,engagement,82024,200,DE_ESS_MARS_MW_Extra_EUR,Compliant,PROGRAMMATIC,DV360-YOUTUBE,10,GERMANY,EUR,EU/CEABT,DACH,64338,5864,497937,677,28580,26372.75836,165822,0,0,YouTube
DE,DATAROMA_DE_200,DATAROMA_DE_2,DATAROMA_DE_MW_1,9/29/2024,de_kin_p9-10-vnp_mw_eu_other_brand_olv_engagement_dir-nadr_0824_111862,8/29/2024,10/14/2024,7.5,76259,Kind,miscellaneous,miscellaneous,DATORAMA,DE_Extra_mw_eur_YouTube_4,bid-adr,de_kin_p9-10-vnp_mw_eu_other_brand_olv,kind,MW,olv,brand,engagement,82024,200,DE_ESS_MARS_MW_Extra_EUR,Compliant,PROGRAMMATIC,DV360-YOUTUBE,10,GERMANY,EUR,EU/CEABT,DACH,22241,1110,368761,735,16479,15206.32208,122302,0,0,YouTube
DE,DATAROMA_DE_200,DATAROMA_DE_2,DATAROMA_DE_MW_1,9/7/2024,de_kin_p9-10-vnp_mw_eu_other_brand_olv_engagement_dir-nadr_0824_111862,8/29/2024,10/14/2024,7,88907,Kind,miscellaneous,miscellaneous,DATORAMA,DE_Extra_mw_eur_YouTube_4,bid-adr,de_kin_p9-10-vnp_mw_eu_other_brand_olv,kind,MW,olv,brand,engagement,82024,200,DE_ESS_MARS_MW_Extra_EUR,Compliant,PROGRAMMATIC,DV360-YOUTUBE,9,GERMANY,EUR,EU/CEABT,DACH,178417,30538,447767,1003,23161,21372.26929,279292,0,0,YouTube
DE,DATAROMA_DE_200,DATAROMA_DE_2,DATAROMA_DE_MW_1,10/6/2024,de_kin_p9-10-vnp_mw_eu_other_brand_olv_engagement_dir-nadr_0824_111862,8/29/2024,10/14/2024,6.777777778,99033,Kind,miscellaneous,miscellaneous,DATORAMA,DE_Extra_mw_eur_YouTube_4,bid-adr,de_kin_p9-10-vnp_mw_eu_other_brand_olv,kind,MW,olv,brand,engagement,82024,200,DE_ESS_MARS_MW_Extra_EUR,Compliant,PROGRAMMATIC,DV360-YOUTUBE,11,GERMANY,EUR,EU/CEABT,DACH,193854,17141,620736,1365,23242,21447.01364,314306,0,0,YouTube
DE,DATAROMA_DE_200,DATAROMA_DE_2,DATAROMA_DE_MW_1,9/14/2024,de_kin_p9-10-vnp_mw_eu_other_brand_olv_engagement_dir-nadr_0824_111862,8/29/2024,10/14/2024,6.375,314773,Kind,miscellaneous,miscellaneous,DATORAMA,DE_Extra_mw_eur_YouTube_4,bid-adr,de_kin_p9-10-vnp_mw_eu_other_brand_olv,kind,MW,olv,brand,engagement,82024,200,DE_ESS_MARS_MW_Extra_EUR,Compliant,PROGRAMMATIC,DV360-YOUTUBE,10,GERMANY,EUR,EU/CEABT,DACH,292427,58141,1489410,2292,52491,48437.10494,698584,0,0,YouTube
DE,DATAROMA_DE_200,DATAROMA_DE_2,DATAROMA_DE_MW_1,10/13/2024,de_kin_p9-10-vnp_mw_eu_other_brand_olv_engagement_dir-nadr_0824_111862,8/29/2024,10/14/2024,7,109151,Kind,miscellaneous,miscellaneous,DATORAMA,DE_Extra_mw_eur_YouTube_4,bid-adr,de_kin_p9-10-vnp_mw_eu_other_brand_olv,kind,MW,olv,brand,engagement,82024,200,DE_ESS_MARS_MW_Extra_EUR,Compliant,PROGRAMMATIC,DV360-YOUTUBE,11,GERMANY,EUR,EU/CEABT,DACH,172443,20489,530815,1771,29193,26938.41619,294369,0,0,YouTube
DE,DATAROMA_DE_204,DATAROMA_DE_2,DATAROMA_DE_MW_1,7/27/2024,de_kin_p7-8-vnp_mw_eu_other_brand_olv_multiple_na_0724_11154,7/4/2024,8/11/2024,5.5,160275,Kind,miscellaneous,miscellaneous,DATORAMA,DE_Extra_mw_eur_YouTube_8,bid-nadr,de_kin_p7-8-vnp_mw_eu_other_brand_olv,kind,MW,olv,brand,multiple,72024,204,DE_ESS_MARS_MW_Extra_EUR,Compliant,PROGRAMMATIC,DV360-YOUTUBE,8,GERMANY,EUR,EU/CEABT,DACH,46269,10194,779162,531,25176,23231.65026,156654,0,0,YouTube
DE,DATAROMA_DE_204,DATAROMA_DE_2,DATAROMA_DE_MW_1,7/20/2024,de_kin_p7-8-vnp_mw_eu_other_brand_olv_multiple_na_0724_11154,7/4/2024,8/11/2024,6.857142857,259899,Kind,miscellaneous,miscellaneous,DATORAMA,DE_Extra_mw_eur_YouTube_8,bid-nadr,de_kin_p7-8-vnp_mw_eu_other_brand_olv,kind,MW,olv,brand,multiple,72024,204,DE_ESS_MARS_MW_Extra_EUR,Compliant,PROGRAMMATIC,DV360-YOUTUBE,8,GERMANY,EUR,EU/CEABT,DACH,303108,39718,1369606,3157,56593,52222.3063,722959,0,0,YouTube
DE,DATAROMA_DE_204,DATAROMA_DE_2,DATAROMA_DE_MW_1,7/15/2024,de_kin_p7-8-vnp_mw_eu_other_brand_olv_multiple_na_0724_11154,7/4/2024,8/11/2024,6.538461538,369033,Kind,miscellaneous,miscellaneous,DATORAMA,DE_Extra_mw_eur_YouTube_8,bid-nadr,de_kin_p7-8-vnp_mw_eu_other_brand_olv,kind,MW,olv,brand,multiple,72024,204,DE_ESS_MARS_MW_Extra_EUR,Compliant,PROGRAMMATIC,DV360-YOUTUBE,8,GERMANY,EUR,EU/CEABT,DACH,291185,38967,1375951,3711,61007,56295.41181,644062,0,0,YouTube
DE,DATAROMA_DE_204,DATAROMA_DE_2,DATAROMA_DE_MW_1,7/10/2024,de_kin_p7-8-vnp_mw_eu_other_brand_olv_multiple_na_0724_11154,7/4/2024,8/11/2024,7.545454545,300323,Kind,miscellaneous,miscellaneous,DATORAMA,DE_Extra_mw_eur_YouTube_8,bid-nadr,de_kin_p7-8-vnp_mw_eu_other_brand_olv,kind,MW,olv,brand,multiple,72024,204,DE_ESS_MARS_MW_Extra_EUR,Compliant,PROGRAMMATIC,DV360-YOUTUBE,7,GERMANY,EUR,EU/CEABT,DACH,318865,40780,1003170,2555,34085,31452.60563,459003,0,0,YouTube
DE,DATAROMA_DE_204,DATAROMA_DE_2,DATAROMA_DE_MW_1,8/7/2024,de_kin_p7-8-vnp_mw_eu_other_brand_olv_multiple_na_0724_11154,7/4/2024,8/11/2024,6.7,338265,Kind,miscellaneous,miscellaneous,DATORAMA,DE_Extra_mw_eur_YouTube_8,bid-nadr,de_kin_p7-8-vnp_mw_eu_other_brand_olv,kind,MW,olv,brand,multiple,72024,204,DE_ESS_MARS_MW_Extra_EUR,Compliant,PROGRAMMATIC,DV360-YOUTUBE,8,GERMANY,EUR,EU/CEABT,DACH,92771,18941,898723,1732,28878,26647.74374,270741,0,0,YouTube
DE,DATAROMA_DE_204,DATAROMA_DE_2,DATAROMA_DE_MW_1,8/3/2024,de_kin_p7-8-vnp_mw_eu_other_brand_olv_multiple_na_0724_11154,7/4/2024,8/11/2024,7.333333333,88035,Kind,miscellaneous,miscellaneous,DATORAMA,DE_Extra_mw_eur_YouTube_8,bid-nadr,de_kin_p7-8-vnp_mw_eu_other_brand_olv,kind,MW,olv,brand,multiple,72024,204,DE_ESS_MARS_MW_Extra_EUR,Compliant,PROGRAMMATIC,DV360-YOUTUBE,8,GERMANY,EUR,EU/CEABT,DACH,137166,25859,637224,2215,25370,23410.66759,352385,0,0,YouTube
DE,DATAROMA_DE_204,DATAROMA_DE_2,DATAROMA_DE_MW_1,8/9/2024,de_kin_p7-8-vnp_mw_eu_other_brand_olv_multiple_na_0724_11154,7/4/2024,8/11/2024,7,424205,Kind,miscellaneous,miscellaneous,DATORAMA,DE_Extra_mw_eur_YouTube_8,bid-nadr,de_kin_p7-8-vnp_mw_eu_other_brand_olv,kind,MW,olv,brand,multiple,72024,204,DE_ESS_MARS_MW_Extra_EUR,Compliant,PROGRAMMATIC,DV360-YOUTUBE,8,GERMANY,EUR,EU/CEABT,DACH,592230,46621,1822639,5581,65532,60470.94475,1182199,0,0,YouTube
DE,DATAROMA_DE_204,DATAROMA_DE_2,DATAROMA_DE_MW_1,8/11/2024,de_kin_p7-8-vnp_mw_eu_other_brand_olv_multiple_na_0724_11154,7/4/2024,8/11/2024,7.636363636,204233,Kind,miscellaneous,miscellaneous,DATORAMA,DE_Extra_mw_eur_YouTube_8,bid-nadr,de_kin_p7-8-vnp_mw_eu_other_brand_olv,kind,MW,olv,brand,multiple,72024,204,DE_ESS_MARS_MW_Extra_EUR,Compliant,PROGRAMMATIC,DV360-YOUTUBE,9,GERMANY,EUR,EU/CEABT,DACH,313296,114444,1205167,3712,40115,37016.90699,633278,0,0,YouTube
DE,DATAROMA_DE_204,DATAROMA_DE_2,DATAROMA_DE_MW_1,7/22/2024,de_kin_p7-8-vnp_mw_eu_other_brand_olv_multiple_na_0724_11154,7/4/2024,8/11/2024,5.352941176,492211,Kind,miscellaneous,miscellaneous,DATORAMA,DE_Extra_mw_eur_YouTube_8,bid-nadr,de_kin_p7-8-vnp_mw_eu_other_brand_olv,kind,MW,olv,brand,multiple,72024,204,DE_ESS_MARS_MW_Extra_EUR,Compliant,PROGRAMMATIC,DV360-YOUTUBE,8,GERMANY,EUR,EU/CEABT,DACH,301475,26628,1193504,3559,51371,47403.60286,602974,0,0,YouTube
DE,DATAROMA_DE_204,DATAROMA_DE_2,DATAROMA_DE_MW_1,8/5/2024,de_kin_p7-8-vnp_mw_eu_other_brand_olv_multiple_na_0724_11154,7/4/2024,8/11/2024,7.5,168326,Kind,miscellaneous,miscellaneous,DATORAMA,DE_Extra_mw_eur_YouTube_8,bid-nadr,de_kin_p7-8-vnp_mw_eu_other_brand_olv,kind,MW,olv,brand,multiple,72024,204,DE_ESS_MARS_MW_Extra_EUR,Compliant,PROGRAMMATIC,DV360-YOUTUBE,8,GERMANY,EUR,EU/CEABT,DACH,158468,3118,751211,989,20713,19113.32904,256659,0,0,YouTube
DE,DATAROMA_DE_204,DATAROMA_DE_2,DATAROMA_DE_MW_1,8/4/2024,de_kin_p7-8-vnp_mw_eu_other_brand_olv_multiple_na_0724_11154,7/4/2024,8/11/2024,3.75,226358,Kind,miscellaneous,miscellaneous,DATORAMA,DE_Extra_mw_eur_YouTube_8,bid-nadr,de_kin_p7-8-vnp_mw_eu_other_brand_olv,kind,MW,olv,brand,multiple,72024,204,DE_ESS_MARS_MW_Extra_EUR,Compliant,PROGRAMMATIC,DV360-YOUTUBE,8,GERMANY,EUR,EU/CEABT,DACH,179720,4256,715147,1519,25472,23504.7901,382607,0,0,YouTube
DE,DATAROMA_DE_204,DATAROMA_DE_2,DATAROMA_DE_MW_1,7/25/2024,de_kin_p7-8-vnp_mw_eu_other_brand_olv_multiple_na_0724_11154,7/4/2024,8/11/2024,7.625,290057,Kind,miscellaneous,miscellaneous,DATORAMA,DE_Extra_mw_eur_YouTube_8,bid-nadr,de_kin_p7-8-vnp_mw_eu_other_brand_olv,kind,MW,olv,brand,multiple,72024,204,DE_ESS_MARS_MW_Extra_EUR,Compliant,PROGRAMMATIC,DV360-YOUTUBE,8,GERMANY,EUR,EU/CEABT,DACH,429640,32093,1498859,4502,56343,51991.61387,918479,0,0,YouTube
DE,DATAROMA_DE_204,DATAROMA_DE_2,DATAROMA_DE_MW_1,7/9/2024,de_kin_p7-8-vnp_mw_eu_other_brand_olv_multiple_na_0724_11154,7/4/2024,8/11/2024,6,170940,Kind,miscellaneous,miscellaneous,DATORAMA,DE_Extra_mw_eur_YouTube_8,bid-nadr,de_kin_p7-8-vnp_mw_eu_other_brand_olv,kind,MW,olv,brand,multiple,72024,204,DE_ESS_MARS_MW_Extra_EUR,Compliant,PROGRAMMATIC,DV360-YOUTUBE,7,GERMANY,EUR,EU/CEABT,DACH,299529,34197,827870,2364,25021,23088.62096,426308,0,0,YouTube
DE,DATAROMA_DE_204,DATAROMA_DE_2,DATAROMA_DE_MW_1,8/2/2024,de_kin_p7-8-vnp_mw_eu_other_brand_olv_multiple_na_0724_11154,7/4/2024,8/11/2024,5.818181818,254509,Kind,miscellaneous,miscellaneous,DATORAMA,DE_Extra_mw_eur_YouTube_8,bid-nadr,de_kin_p7-8-vnp_mw_eu_other_brand_olv,kind,MW,olv,brand,multiple,72024,204,DE_ESS_MARS_MW_Extra_EUR,Compliant,PROGRAMMATIC,DV360-YOUTUBE,8,GERMANY,EUR,EU/CEABT,DACH,147234,58416,681929,2473,39232,36202.10133,425360,0,0,YouTube
DE,DATAROMA_DE_204,DATAROMA_DE_2,DATAROMA_DE_MW_1,7/6/2024,de_kin_p7-8-vnp_mw_eu_other_brand_olv_multiple_na_0724_11154,7/4/2024,8/11/2024,6,149288,Kind,miscellaneous,miscellaneous,DATORAMA,DE_Extra_mw_eur_YouTube_8,bid-nadr,de_kin_p7-8-vnp_mw_eu_other_brand_olv,kind,MW,olv,brand,multiple,72024,204,DE_ESS_MARS_MW_Extra_EUR,Compliant,PROGRAMMATIC,DV360-YOUTUBE,7,GERMANY,EUR,EU/CEABT,DACH,117896,14034,636940,972,42941,39624.65419,194854,0,0,YouTube
DE,DATAROMA_DE_204,DATAROMA_DE_2,DATAROMA_DE_MW_1,7/11/2024,de_kin_p7-8-vnp_mw_eu_other_brand_olv_multiple_na_0724_11154,7/4/2024,8/11/2024,5.222222222,193874,Kind,miscellaneous,miscellaneous,DATORAMA,DE_Extra_mw_eur_YouTube_8,bid-nadr,de_kin_p7-8-vnp_mw_eu_other_brand_olv,kind,MW,olv,brand,multiple,72024,204,DE_ESS_MARS_MW_Extra_EUR,Compliant,PROGRAMMATIC,DV360-YOUTUBE,7,GERMANY,EUR,EU/CEABT,DACH,139325,32891,781583,1676,24843,22924.36795,367483,0,0,YouTube
DE,DATAROMA_DE_204,DATAROMA_DE_2,DATAROMA_DE_MW_1,7/14/2024,de_kin_p7-8-vnp_mw_eu_other_brand_olv_multiple_na_0724_11154,7/4/2024,8/11/2024,6.5,275467,Kind,miscellaneous,miscellaneous,DATORAMA,DE_Extra_mw_eur_YouTube_8,bid-nadr,de_kin_p7-8-vnp_mw_eu_other_brand_olv,kind,MW,olv,brand,multiple,72024,204,DE_ESS_MARS_MW_Extra_EUR,Compliant,PROGRAMMATIC,DV360-YOUTUBE,8,GERMANY,EUR,EU/CEABT,DACH,233076,43858,965367,2096,40536,37405.39304,501682,0,0,YouTube
DE,DATAROMA_DE_204,DATAROMA_DE_2,DATAROMA_DE_MW_1,7/18/2024,de_kin_p7-8-vnp_mw_eu_other_brand_olv_multiple_na_0724_11154,7/4/2024,8/11/2024,5.285714286,434065,Kind,miscellaneous,miscellaneous,DATORAMA,DE_Extra_mw_eur_YouTube_8,bid-nadr,de_kin_p7-8-vnp_mw_eu_other_brand_olv,kind,MW,olv,brand,multiple,72024,204,DE_ESS_MARS_MW_Extra_EUR,Compliant,PROGRAMMATIC,DV360-YOUTUBE,8,GERMANY,EUR,EU/CEABT,DACH,378317,32978,1408715,4542,54523,50312.17299,748060,0,0,YouTube
DE,DATAROMA_DE_204,DATAROMA_DE_2,DATAROMA_DE_MW_1,7/12/2024,de_kin_p7-8-vnp_mw_eu_other_brand_olv_multiple_na_0724_11154,7/4/2024,8/11/2024,5.75,259134,Kind,miscellaneous,miscellaneous,DATORAMA,DE_Extra_mw_eur_YouTube_8,bid-nadr,de_kin_p7-8-vnp_mw_eu_other_brand_olv,kind,MW,olv,brand,multiple,72024,204,DE_ESS_MARS_MW_Extra_EUR,Compliant,PROGRAMMATIC,DV360-YOUTUBE,7,GERMANY,EUR,EU/CEABT,DACH,259081,20485,955442,1654,34917,32220.35003,445704,0,0,YouTube
DE,DATAROMA_DE_204,DATAROMA_DE_2,DATAROMA_DE_MW_1,7/23/2024,de_kin_p7-8-vnp_mw_eu_other_brand_olv_multiple_na_0724_11154,7/4/2024,8/11/2024,5.714285714,112932,Kind,miscellaneous,miscellaneous,DATORAMA,DE_Extra_mw_eur_YouTube_8,bid-nadr,de_kin_p7-8-vnp_mw_eu_other_brand_olv,kind,MW,olv,brand,multiple,72024,204,DE_ESS_MARS_MW_Extra_EUR,Compliant,PROGRAMMATIC,DV360-YOUTUBE,8,GERMANY,EUR,EU/CEABT,DACH,230089,28886,611025,1167,26071,24057.52916,339476,0,0,YouTube
DE,DATAROMA_DE_204,DATAROMA_DE_2,DATAROMA_DE_MW_1,7/4/2024,de_kin_p7-8-vnp_mw_eu_other_brand_olv_multiple_na_0724_11154,7/4/2024,8/11/2024,6.166666667,250656,Kind,miscellaneous,miscellaneous,DATORAMA,DE_Extra_mw_eur_YouTube_8,bid-nadr,de_kin_p7-8-vnp_mw_eu_other_brand_olv,kind,MW,olv,brand,multiple,72024,204,DE_ESS_MARS_MW_Extra_EUR,Compliant,PROGRAMMATIC,DV360-YOUTUBE,7,GERMANY,EUR,EU/CEABT,DACH,322520,37102,1091055,3149,44261,40842.71021,505107,2102829.828,1940427.674,YouTube
DE,DATAROMA_DE_204,DATAROMA_DE_2,DATAROMA_DE_MW_1,7/17/2024,de_kin_p7-8-vnp_mw_eu_other_brand_olv_multiple_na_0724_11154,7/4/2024,8/11/2024,6,541130,Kind,miscellaneous,miscellaneous,DATORAMA,DE_Extra_mw_eur_YouTube_8,bid-nadr,de_kin_p7-8-vnp_mw_eu_other_brand_olv,kind,MW,olv,brand,multiple,72024,204,DE_ESS_MARS_MW_Extra_EUR,Compliant,PROGRAMMATIC,DV360-YOUTUBE,8,GERMANY,EUR,EU/CEABT,DACH,404415,64758,1660011,3921,53218,49107.95852,895213,0,0,YouTube
DE,DATAROMA_DE_204,DATAROMA_DE_2,DATAROMA_DE_MW_1,8/8/2024,de_kin_p7-8-vnp_mw_eu_other_brand_olv_multiple_na_0724_11154,7/4/2024,8/11/2024,7.214285714,219060,Kind,miscellaneous,miscellaneous,DATORAMA,DE_Extra_mw_eur_YouTube_8,bid-nadr,de_kin_p7-8-vnp_mw_eu_other_brand_olv,kind,MW,olv,brand,multiple,72024,204,DE_ESS_MARS_MW_Extra_EUR,Compliant,PROGRAMMATIC,DV360-YOUTUBE,8,GERMANY,EUR,EU/CEABT,DACH,369852,37468,1075982,2596,49898,46044.36308,597977,0,0,YouTube
DE,DATAROMA_DE_204,DATAROMA_DE_2,DATAROMA_DE_MW_1,8/10/2024,de_kin_p7-8-vnp_mw_eu_other_brand_olv_multiple_na_0724_11154,7/4/2024,8/11/2024,7.352941176,262763,Kind,miscellaneous,miscellaneous,DATORAMA,DE_Extra_mw_eur_YouTube_8,bid-nadr,de_kin_p7-8-vnp_mw_eu_other_brand_olv,kind,MW,olv,brand,multiple,72024,204,DE_ESS_MARS_MW_Extra_EUR,Compliant,PROGRAMMATIC,DV360-YOUTUBE,8,GERMANY,EUR,EU/CEABT,DACH,261212,22624,1275369,3492,78219,72178.12408,558307,0,0,YouTube
DE,DATAROMA_DE_204,DATAROMA_DE_2,DATAROMA_DE_MW_1,7/8/2024,de_kin_p7-8-vnp_mw_eu_other_brand_olv_multiple_na_0724_11154,7/4/2024,8/11/2024,4.181818182,288157,Kind,miscellaneous,miscellaneous,DATORAMA,DE_Extra_mw_eur_YouTube_8,bid-nadr,de_kin_p7-8-vnp_mw_eu_other_brand_olv,kind,MW,olv,brand,multiple,72024,204,DE_ESS_MARS_MW_Extra_EUR,Compliant,PROGRAMMATIC,DV360-YOUTUBE,7,GERMANY,EUR,EU/CEABT,DACH,286042,97097,1080050,2670,38948,35940.03473,520870,0,0,YouTube
DE,DATAROMA_DE_204,DATAROMA_DE_2,DATAROMA_DE_MW_1,7/13/2024,de_kin_p7-8-vnp_mw_eu_other_brand_olv_multiple_na_0724_11154,7/4/2024,8/11/2024,4.833333333,132602,Kind,miscellaneous,miscellaneous,DATORAMA,DE_Extra_mw_eur_YouTube_8,bid-nadr,de_kin_p7-8-vnp_mw_eu_other_brand_olv,kind,MW,olv,brand,multiple,72024,204,DE_ESS_MARS_MW_Extra_EUR,Compliant,PROGRAMMATIC,DV360-YOUTUBE,7,GERMANY,EUR,EU/CEABT,DACH,119756,12787,477453,1070,25538,23565.6929,314553,0,0,YouTube
DE,DATAROMA_DE_204,DATAROMA_DE_2,DATAROMA_DE_MW_1,7/31/2024,de_kin_p7-8-vnp_mw_eu_other_brand_olv_multiple_na_0724_11154,7/4/2024,8/11/2024,7.363636364,163492,Kind,miscellaneous,miscellaneous,DATORAMA,DE_Extra_mw_eur_YouTube_8,bid-nadr,de_kin_p7-8-vnp_mw_eu_other_brand_olv,kind,MW,olv,brand,multiple,72024,204,DE_ESS_MARS_MW_Extra_EUR,Compliant,PROGRAMMATIC,DV360-YOUTUBE,8,GERMANY,EUR,EU/CEABT,DACH,135449,6330,914967,1500,49706,45867.19129,246517,0,0,YouTube
DE,DATAROMA_DE_204,DATAROMA_DE_2,DATAROMA_DE_MW_1,7/5/2024,de_kin_p7-8-vnp_mw_eu_other_brand_olv_multiple_na_0724_11154,7/4/2024,8/11/2024,6.727272727,175075,Kind,miscellaneous,miscellaneous,DATORAMA,DE_Extra_mw_eur_YouTube_8,bid-nadr,de_kin_p7-8-vnp_mw_eu_other_brand_olv,kind,MW,olv,brand,multiple,72024,204,DE_ESS_MARS_MW_Extra_EUR,Compliant,PROGRAMMATIC,DV360-YOUTUBE,7,GERMANY,EUR,EU/CEABT,DACH,212100,20939,906197,2963,41586,38374.30123,441254,0,0,YouTube
DE,DATAROMA_DE_204,DATAROMA_DE_2,DATAROMA_DE_MW_1,7/21/2024,de_kin_p7-8-vnp_mw_eu_other_brand_olv_multiple_na_0724_11154,7/4/2024,8/11/2024,6.166666667,116688,Kind,miscellaneous,miscellaneous,DATORAMA,DE_Extra_mw_eur_YouTube_8,bid-nadr,de_kin_p7-8-vnp_mw_eu_other_brand_olv,kind,MW,olv,brand,multiple,72024,204,DE_ESS_MARS_MW_Extra_EUR,Compliant,PROGRAMMATIC,DV360-YOUTUBE,8,GERMANY,EUR,EU/CEABT,DACH,57637,4200,360249,1062,25447,23481.72086,173808,0,0,YouTube
DE,DATAROMA_DE_204,DATAROMA_DE_2,DATAROMA_DE_MW_1,7/29/2024,de_kin_p7-8-vnp_mw_eu_other_brand_olv_multiple_na_0724_11154,7/4/2024,8/11/2024,7.727272727,282474,Kind,miscellaneous,miscellaneous,DATORAMA,DE_Extra_mw_eur_YouTube_8,bid-nadr,de_kin_p7-8-vnp_mw_eu_other_brand_olv,kind,MW,olv,brand,multiple,72024,204,DE_ESS_MARS_MW_Extra_EUR,Compliant,PROGRAMMATIC,DV360-YOUTUBE,8,GERMANY,EUR,EU/CEABT,DACH,253447,60816,1063256,3285,47002,43372.02199,622225,0,0,YouTube
DE,DATAROMA_DE_204,DATAROMA_DE_2,DATAROMA_DE_MW_1,7/26/2024,de_kin_p7-8-vnp_mw_eu_other_brand_olv_multiple_na_0724_11154,7/4/2024,8/11/2024,6.625,203403,Kind,miscellaneous,miscellaneous,DATORAMA,DE_Extra_mw_eur_YouTube_8,bid-nadr,de_kin_p7-8-vnp_mw_eu_other_brand_olv,kind,MW,olv,brand,multiple,72024,204,DE_ESS_MARS_MW_Extra_EUR,Compliant,PROGRAMMATIC,DV360-YOUTUBE,8,GERMANY,EUR,EU/CEABT,DACH,123570,6654,811854,951,24046,22188.92049,205053,0,0,YouTube
DE,DATAROMA_DE_204,DATAROMA_DE_2,DATAROMA_DE_MW_1,8/6/2024,de_kin_p7-8-vnp_mw_eu_other_brand_olv_multiple_na_0724_11154,7/4/2024,8/11/2024,5.833333333,316873,Kind,miscellaneous,miscellaneous,DATORAMA,DE_Extra_mw_eur_YouTube_8,bid-nadr,de_kin_p7-8-vnp_mw_eu_other_brand_olv,kind,MW,olv,brand,multiple,72024,204,DE_ESS_MARS_MW_Extra_EUR,Compliant,PROGRAMMATIC,DV360-YOUTUBE,8,GERMANY,EUR,EU/CEABT,DACH,228279,31916,1046327,1678,38314,35354.99874,485248,0,0,YouTube
DE,DATAROMA_DE_204,DATAROMA_DE_2,DATAROMA_DE_MW_1,7/24/2024,de_kin_p7-8-vnp_mw_eu_other_brand_olv_multiple_na_0724_11154,7/4/2024,8/11/2024,7.666666667,165385,Kind,miscellaneous,miscellaneous,DATORAMA,DE_Extra_mw_eur_YouTube_8,bid-nadr,de_kin_p7-8-vnp_mw_eu_other_brand_olv,kind,MW,olv,brand,multiple,72024,204,DE_ESS_MARS_MW_Extra_EUR,Compliant,PROGRAMMATIC,DV360-YOUTUBE,8,GERMANY,EUR,EU/CEABT,DACH,196300,19011,814188,1512,59090,54526.46227,390017,0,0,YouTube
DE,DATAROMA_DE_208,DATAROMA_DE_2,DATAROMA_DE_MW_1,7/5/2024,de_kin_p7-8-vnp_mw_eu_other_brand_social_na_bid-dda_0624_114862,6/28/2024,7/29/2024,7.272727273,239673,Kind,miscellaneous,miscellaneous,DATORAMA,DE_Kind_mw_eur_YouTube_12,bid-dda,de_kin_p7-8-vnp_mw_eu_other_brand_social,kind,MW,social,brand,na,62024,208,DE_ESS_MARS_MW_Kind_EUR,Compliant,PROGRAMMATIC,DV360-YOUTUBE,7,GERMANY,EUR,EU/CEABT,DACH,148597,9279,831238,1300,29938,27625.87963,269257,0,0,YouTube
DE,DATAROMA_DE_208,DATAROMA_DE_2,DATAROMA_DE_MW_1,7/10/2024,de_kin_p7-8-vnp_mw_eu_other_brand_social_na_bid-dda_0624_114862,6/28/2024,7/29/2024,7.3,301676,Kind,miscellaneous,miscellaneous,DATORAMA,DE_Kind_mw_eur_YouTube_12,bid-dda,de_kin_p7-8-vnp_mw_eu_other_brand_social,kind,MW,social,brand,na,62024,208,DE_ESS_MARS_MW_Kind_EUR,Compliant,PROGRAMMATIC,DV360-YOUTUBE,7,GERMANY,EUR,EU/CEABT,DACH,362637,122152,1443609,5715,85267,78681.80501,900402,0,0,YouTube
DE,DATAROMA_DE_208,DATAROMA_DE_2,DATAROMA_DE_MW_1,6/28/2024,de_kin_p7-8-vnp_mw_eu_other_brand_social_na_bid-dda_0624_114862,6/28/2024,7/29/2024,6.428571429,186556,Kind,miscellaneous,miscellaneous,DATORAMA,DE_Kind_mw_eur_YouTube_12,bid-dda,de_kin_p7-8-vnp_mw_eu_other_brand_social,kind,MW,social,brand,na,62024,208,DE_ESS_MARS_MW_Kind_EUR,Compliant,PROGRAMMATIC,DV360-YOUTUBE,7,GERMANY,EUR,EU/CEABT,DACH,174153,11318,783492,2276,23090,21306.75265,502704,2026395.013,1869895.942,YouTube
DE,DATAROMA_DE_208,DATAROMA_DE_2,DATAROMA_DE_MW_1,7/11/2024,de_kin_p7-8-vnp_mw_eu_other_brand_social_na_bid-dda_0624_114862,6/28/2024,7/29/2024,6.7,140639,Kind,miscellaneous,miscellaneous,DATORAMA,DE_Kind_mw_eur_YouTube_12,bid-dda,de_kin_p7-8-vnp_mw_eu_other_brand_social,kind,MW,social,brand,na,62024,208,DE_ESS_MARS_MW_Kind_EUR,Compliant,PROGRAMMATIC,DV360-YOUTUBE,7,GERMANY,EUR,EU/CEABT,DACH,213281,19456,817721,2694,29048,26804.61459,498252,0,0,YouTube
DE,DATAROMA_DE_208,DATAROMA_DE_2,DATAROMA_DE_MW_1,7/24/2024,de_kin_p7-8-vnp_mw_eu_other_brand_social_na_bid-dda_0624_114862,6/28/2024,7/29/2024,7,349896,Kind,miscellaneous,miscellaneous,DATORAMA,DE_Kind_mw_eur_YouTube_12,bid-dda,de_kin_p7-8-vnp_mw_eu_other_brand_social,kind,MW,social,brand,na,62024,208,DE_ESS_MARS_MW_Kind_EUR,Compliant,PROGRAMMATIC,DV360-YOUTUBE,8,GERMANY,EUR,EU/CEABT,DACH,286944,49492,965866,2290,55089,50834.46065,590781,0,0,YouTube
DE,DATAROMA_DE_208,DATAROMA_DE_2,DATAROMA_DE_MW_1,7/23/2024,de_kin_p7-8-vnp_mw_eu_other_brand_social_na_bid-dda_0624_114862,6/28/2024,7/29/2024,6,412885,Kind,miscellaneous,miscellaneous,DATORAMA,DE_Kind_mw_eur_YouTube_12,bid-dda,de_kin_p7-8-vnp_mw_eu_other_brand_social,kind,MW,social,brand,na,62024,208,DE_ESS_MARS_MW_Kind_EUR,Compliant,PROGRAMMATIC,DV360-YOUTUBE,8,GERMANY,EUR,EU/CEABT,DACH,254249,17066,1517714,2494,61509,56758.6422,594507,0,0,YouTube
DE,DATAROMA_DE_208,DATAROMA_DE_2,DATAROMA_DE_MW_1,7/19/2024,de_kin_p7-8-vnp_mw_eu_other_brand_social_na_bid-dda_0624_114862,6/28/2024,7/29/2024,5.647058824,400443,Kind,miscellaneous,miscellaneous,DATORAMA,DE_Kind_mw_eur_YouTube_12,bid-dda,de_kin_p7-8-vnp_mw_eu_other_brand_social,kind,MW,social,brand,na,62024,208,DE_ESS_MARS_MW_Kind_EUR,Compliant,PROGRAMMATIC,DV360-YOUTUBE,8,GERMANY,EUR,EU/CEABT,DACH,224489,53562,1180145,3577,65315,60270.70372,591909,0,0,YouTube
DE,DATAROMA_DE_208,DATAROMA_DE_2,DATAROMA_DE_MW_1,7/18/2024,de_kin_p7-8-vnp_mw_eu_other_brand_social_na_bid-dda_0624_114862,6/28/2024,7/29/2024,7.352941176,357351,Kind,miscellaneous,miscellaneous,DATORAMA,DE_Kind_mw_eur_YouTube_12,bid-dda,de_kin_p7-8-vnp_mw_eu_other_brand_social,kind,MW,social,brand,na,62024,208,DE_ESS_MARS_MW_Kind_EUR,Compliant,PROGRAMMATIC,DV360-YOUTUBE,8,GERMANY,EUR,EU/CEABT,DACH,366162,33698,1470653,2765,89401,82496.535,757230,0,0,YouTube
DE,DATAROMA_DE_208,DATAROMA_DE_2,DATAROMA_DE_MW_1,7/25/2024,de_kin_p7-8-vnp_mw_eu_other_brand_social_na_bid-dda_0624_114862,6/28/2024,7/29/2024,6.375,501817,Kind,miscellaneous,miscellaneous,DATORAMA,DE_Kind_mw_eur_YouTube_12,bid-dda,de_kin_p7-8-vnp_mw_eu_other_brand_social,kind,MW,social,brand,na,62024,208,DE_ESS_MARS_MW_Kind_EUR,Compliant,PROGRAMMATIC,DV360-YOUTUBE,8,GERMANY,EUR,EU/CEABT,DACH,304306,31827,1395262,4297,52641,48575.5204,789325,0,0,YouTube
DE,DATAROMA_DE_208,DATAROMA_DE_2,DATAROMA_DE_MW_1,7/15/2024,de_kin_p7-8-vnp_mw_eu_other_brand_social_na_bid-dda_0624_114862,6/28/2024,7/29/2024,6.166666667,389146,Kind,miscellaneous,miscellaneous,DATORAMA,DE_Kind_mw_eur_YouTube_12,bid-dda,de_kin_p7-8-vnp_mw_eu_other_brand_social,kind,MW,social,brand,na,62024,208,DE_ESS_MARS_MW_Kind_EUR,Compliant,PROGRAMMATIC,DV360-YOUTUBE,8,GERMANY,EUR,EU/CEABT,DACH,307437,52327,1766074,3781,52227,48193.49374,928474,0,0,YouTube
DE,DATAROMA_DE_208,DATAROMA_DE_2,DATAROMA_DE_MW_1,7/21/2024,de_kin_p7-8-vnp_mw_eu_other_brand_social_na_bid-dda_0624_114862,6/28/2024,7/29/2024,6.823529412,439949,Kind,miscellaneous,miscellaneous,DATORAMA,DE_Kind_mw_eur_YouTube_12,bid-dda,de_kin_p7-8-vnp_mw_eu_other_brand_social,kind,MW,social,brand,na,62024,208,DE_ESS_MARS_MW_Kind_EUR,Compliant,PROGRAMMATIC,DV360-YOUTUBE,8,GERMANY,EUR,EU/CEABT,DACH,474603,50429,1507438,4219,71181,65683.67085,786981,0,0,YouTube
DE,DATAROMA_DE_208,DATAROMA_DE_2,DATAROMA_DE_MW_1,7/17/2024,de_kin_p7-8-vnp_mw_eu_other_brand_social_na_bid-dda_0624_114862,6/28/2024,7/29/2024,7.090909091,237673,Kind,miscellaneous,miscellaneous,DATORAMA,DE_Kind_mw_eur_YouTube_12,bid-dda,de_kin_p7-8-vnp_mw_eu_other_brand_social,kind,MW,social,brand,na,62024,208,DE_ESS_MARS_MW_Kind_EUR,Compliant,PROGRAMMATIC,DV360-YOUTUBE,8,GERMANY,EUR,EU/CEABT,DACH,327284,18573,952476,2716,29308,27044.53471,548373,0,0,YouTube
DE,DATAROMA_DE_208,DATAROMA_DE_2,DATAROMA_DE_MW_1,7/14/2024,de_kin_p7-8-vnp_mw_eu_other_brand_social_na_bid-dda_0624_114862,6/28/2024,7/29/2024,7,173412,Kind,miscellaneous,miscellaneous,DATORAMA,DE_Kind_mw_eur_YouTube_12,bid-dda,de_kin_p7-8-vnp_mw_eu_other_brand_social,kind,MW,social,brand,na,62024,208,DE_ESS_MARS_MW_Kind_EUR,Compliant,PROGRAMMATIC,DV360-YOUTUBE,8,GERMANY,EUR,EU/CEABT,DACH,138969,42686,916195,1834,24195,22326.41318,393780,0,0,YouTube
DE,DATAROMA_DE_208,DATAROMA_DE_2,DATAROMA_DE_MW_1,7/22/2024,de_kin_p7-8-vnp_mw_eu_other_brand_social_na_bid-dda_0624_114862,6/28/2024,7/29/2024,6.863636364,511166,Kind,miscellaneous,miscellaneous,DATORAMA,DE_Kind_mw_eur_YouTube_12,bid-dda,de_kin_p7-8-vnp_mw_eu_other_brand_social,kind,MW,social,brand,na,62024,208,DE_ESS_MARS_MW_Kind_EUR,Compliant,PROGRAMMATIC,DV360-YOUTUBE,8,GERMANY,EUR,EU/CEABT,DACH,349666,50673,1890242,3935,112982,104256.3676,872982,0,0,YouTube
DE,DATAROMA_DE_208,DATAROMA_DE_2,DATAROMA_DE_MW_1,7/16/2024,de_kin_p7-8-vnp_mw_eu_other_brand_social_na_bid-dda_0624_114862,6/28/2024,7/29/2024,7.6,269128,Kind,miscellaneous,miscellaneous,DATORAMA,DE_Kind_mw_eur_YouTube_12,bid-dda,de_kin_p7-8-vnp_mw_eu_other_brand_social,kind,MW,social,brand,na,62024,208,DE_ESS_MARS_MW_Kind_EUR,Compliant,PROGRAMMATIC,DV360-YOUTUBE,8,GERMANY,EUR,EU/CEABT,DACH,262168,64652,1077465,2316,51091,47145.22734,584809,0,0,YouTube
DE,DATAROMA_DE_208,DATAROMA_DE_2,DATAROMA_DE_MW_1,6/29/2024,de_kin_p7-8-vnp_mw_eu_other_brand_social_na_bid-dda_0624_114862,6/28/2024,7/29/2024,6.888888889,415838,Kind,miscellaneous,miscellaneous,DATORAMA,DE_Kind_mw_eur_YouTube_12,bid-dda,de_kin_p7-8-vnp_mw_eu_other_brand_social,kind,MW,social,brand,na,62024,208,DE_ESS_MARS_MW_Kind_EUR,Compliant,PROGRAMMATIC,DV360-YOUTUBE,7,GERMANY,EUR,EU/CEABT,DACH,270849,69584,1393471,4526,64829,59822.23764,875281,0,0,YouTube
DE,DATAROMA_DE_208,DATAROMA_DE_2,DATAROMA_DE_MW_1,7/26/2024,de_kin_p7-8-vnp_mw_eu_other_brand_social_na_bid-dda_0624_114862,6/28/2024,7/29/2024,5.916666667,304406,Kind,miscellaneous,miscellaneous,DATORAMA,DE_Kind_mw_eur_YouTube_12,bid-dda,de_kin_p7-8-vnp_mw_eu_other_brand_social,kind,MW,social,brand,na,62024,208,DE_ESS_MARS_MW_Kind_EUR,Compliant,PROGRAMMATIC,DV360-YOUTUBE,8,GERMANY,EUR,EU/CEABT,DACH,283239,54792,940678,1934,51546,47565.08756,386160,0,0,YouTube
DE,DATAROMA_DE_208,DATAROMA_DE_2,DATAROMA_DE_MW_1,7/27/2024,de_kin_p7-8-vnp_mw_eu_other_brand_social_na_bid-dda_0624_114862,6/28/2024,7/29/2024,7.25,152829,Kind,miscellaneous,miscellaneous,DATORAMA,DE_Kind_mw_eur_YouTube_12,bid-dda,de_kin_p7-8-vnp_mw_eu_other_brand_social,kind,MW,social,brand,na,62024,208,DE_ESS_MARS_MW_Kind_EUR,Compliant,PROGRAMMATIC,DV360-YOUTUBE,8,GERMANY,EUR,EU/CEABT,DACH,201159,11345,888319,1385,30040,27720.00214,422375,0,0,YouTube
DE,DATAROMA_DE_208,DATAROMA_DE_2,DATAROMA_DE_MW_1,7/1/2024,de_kin_p7-8-vnp_mw_eu_other_brand_social_na_bid-dda_0624_114862,6/28/2024,7/29/2024,6.588235294,472925,Kind,miscellaneous,miscellaneous,DATORAMA,DE_Kind_mw_eur_YouTube_12,bid-dda,de_kin_p7-8-vnp_mw_eu_other_brand_social,kind,MW,social,brand,na,62024,208,DE_ESS_MARS_MW_Kind_EUR,Compliant,PROGRAMMATIC,DV360-YOUTUBE,7,GERMANY,EUR,EU/CEABT,DACH,583690,31468,1728688,4157,79159,73045.52761,986016,0,0,YouTube
DE,DATAROMA_DE_208,DATAROMA_DE_2,DATAROMA_DE_MW_1,7/6/2024,de_kin_p7-8-vnp_mw_eu_other_brand_social_na_bid-dda_0624_114862,6/28/2024,7/29/2024,5.4,332986,Kind,miscellaneous,miscellaneous,DATORAMA,DE_Kind_mw_eur_YouTube_12,bid-dda,de_kin_p7-8-vnp_mw_eu_other_brand_social,kind,MW,social,brand,na,62024,208,DE_ESS_MARS_MW_Kind_EUR,Compliant,PROGRAMMATIC,DV360-YOUTUBE,7,GERMANY,EUR,EU/CEABT,DACH,409597,22287,1006965,2933,41913,38676.04693,698126,0,0,YouTube
DE,DATAROMA_DE_208,DATAROMA_DE_2,DATAROMA_DE_MW_1,7/12/2024,de_kin_p7-8-vnp_mw_eu_other_brand_social_na_bid-dda_0624_114862,6/28/2024,7/29/2024,7.222222222,258678,Kind,miscellaneous,miscellaneous,DATORAMA,DE_Kind_mw_eur_YouTube_12,bid-dda,de_kin_p7-8-vnp_mw_eu_other_brand_social,kind,MW,social,brand,na,62024,208,DE_ESS_MARS_MW_Kind_EUR,Compliant,PROGRAMMATIC,DV360-YOUTUBE,7,GERMANY,EUR,EU/CEABT,DACH,136653,9421,658829,1455,45028,41550.47458,290809,0,0,YouTube
DE,DATAROMA_DE_208,DATAROMA_DE_2,DATAROMA_DE_MW_1,7/4/2024,de_kin_p7-8-vnp_mw_eu_other_brand_social_na_bid-dda_0624_114862,6/28/2024,7/29/2024,7.692307692,244902,Kind,miscellaneous,miscellaneous,DATORAMA,DE_Kind_mw_eur_YouTube_12,bid-dda,de_kin_p7-8-vnp_mw_eu_other_brand_social,kind,MW,social,brand,na,62024,208,DE_ESS_MARS_MW_Kind_EUR,Compliant,PROGRAMMATIC,DV360-YOUTUBE,7,GERMANY,EUR,EU/CEABT,DACH,222091,8133,1203740,2469,47418,43755.89419,419060,0,0,YouTube
DE,DATAROMA_DE_208,DATAROMA_DE_2,DATAROMA_DE_MW_1,7/9/2024,de_kin_p7-8-vnp_mw_eu_other_brand_social_na_bid-dda_0624_114862,6/28/2024,7/29/2024,7.846153846,193077,Kind,miscellaneous,miscellaneous,DATORAMA,DE_Kind_mw_eur_YouTube_12,bid-dda,de_kin_p7-8-vnp_mw_eu_other_brand_social,kind,MW,social,brand,na,62024,208,DE_ESS_MARS_MW_Kind_EUR,Compliant,PROGRAMMATIC,DV360-YOUTUBE,7,GERMANY,EUR,EU/CEABT,DACH,234219,44747,990437,2240,62489,57662.95652,478578,0,0,YouTube
DE,DATAROMA_DE_208,DATAROMA_DE_2,DATAROMA_DE_MW_1,7/28/2024,de_kin_p7-8-vnp_mw_eu_other_brand_social_na_bid-dda_0624_114862,6/28/2024,7/29/2024,7.583333333,161507,Kind,miscellaneous,miscellaneous,DATORAMA,DE_Kind_mw_eur_YouTube_12,bid-dda,de_kin_p7-8-vnp_mw_eu_other_brand_social,kind,MW,social,brand,na,62024,208,DE_ESS_MARS_MW_Kind_EUR,Compliant,PROGRAMMATIC,DV360-YOUTUBE,8,GERMANY,EUR,EU/CEABT,DACH,182768,22443,885262,1359,45098,41615.06846,446209,0,0,YouTube
DE,DATAROMA_DE_208,DATAROMA_DE_2,DATAROMA_DE_MW_1,7/7/2024,de_kin_p7-8-vnp_mw_eu_other_brand_social_na_bid-dda_0624_114862,6/28/2024,7/29/2024,8.466666667,301391,Kind,miscellaneous,miscellaneous,DATORAMA,DE_Kind_mw_eur_YouTube_12,bid-dda,de_kin_p7-8-vnp_mw_eu_other_brand_social,kind,MW,social,brand,na,62024,208,DE_ESS_MARS_MW_Kind_EUR,Compliant,PROGRAMMATIC,DV360-YOUTUBE,7,GERMANY,EUR,EU/CEABT,DACH,255800,18999,1514253,2557,56374,52020.21973,599427,0,0,YouTube
DE,DATAROMA_DE_208,DATAROMA_DE_2,DATAROMA_DE_MW_1,7/3/2024,de_kin_p7-8-vnp_mw_eu_other_brand_social_na_bid-dda_0624_114862,6/28/2024,7/29/2024,5.5,403482,Kind,miscellaneous,miscellaneous,DATORAMA,DE_Kind_mw_eur_YouTube_12,bid-dda,de_kin_p7-8-vnp_mw_eu_other_brand_social,kind,MW,social,brand,na,62024,208,DE_ESS_MARS_MW_Kind_EUR,Compliant,PROGRAMMATIC,DV360-YOUTUBE,7,GERMANY,EUR,EU/CEABT,DACH,326635,22346,1588032,4416,64819,59813.00994,674977,0,0,YouTube
DE,DATAROMA_DE_209,DATAROMA_DE_2,DATAROMA_DE_MW_1,12/10/2024,de_kin_p12-13-vnp_mw_eu_other_brand_na_brand_dir-nadr_1124_119109,11/13/2024,12/25/2024,8.2,228281,Kind,miscellaneous,miscellaneous,DATORAMA,DE_Kind_mw_eur_YouTube_13,social,de_kin_p12-13-vnp_mw_eu_other_brand_na,kind,MW,na,brand,brand,112024,209,DE_ESS_MARS_MW_Kind_EUR,Compliant,PROGRAMMATIC,DV360-YOUTUBE,13,GERMANY,EUR,EU/CEABT,DACH,305138,29899,803748,3006,52194,48163.04234,458737,0,0,YouTube
DE,DATAROMA_DE_209,DATAROMA_DE_2,DATAROMA_DE_MW_1,11/28/2024,de_kin_p12-13-vnp_mw_eu_other_brand_na_brand_dir-nadr_1124_119109,11/13/2024,12/25/2024,4.8,196748,Kind,miscellaneous,miscellaneous,DATORAMA,DE_Kind_mw_eur_YouTube_13,social,de_kin_p12-13-vnp_mw_eu_other_brand_na,kind,MW,na,brand,brand,112024,209,DE_ESS_MARS_MW_Kind_EUR,Compliant,PROGRAMMATIC,DV360-YOUTUBE,12,GERMANY,EUR,EU/CEABT,DACH,174351,28789,691291,1453,40572,37438.61275,368403,0,0,YouTube
DE,DATAROMA_DE_209,DATAROMA_DE_2,DATAROMA_DE_MW_1,11/17/2024,de_kin_p12-13-vnp_mw_eu_other_brand_na_brand_dir-nadr_1124_119109,11/13/2024,12/25/2024,6.75,115357,Kind,miscellaneous,miscellaneous,DATORAMA,DE_Kind_mw_eur_YouTube_13,social,de_kin_p12-13-vnp_mw_eu_other_brand_na,kind,MW,na,brand,brand,112024,209,DE_ESS_MARS_MW_Kind_EUR,Compliant,PROGRAMMATIC,DV360-YOUTUBE,12,GERMANY,EUR,EU/CEABT,DACH,196529,12998,671234,1720,36356,33548.21564,377889,0,0,YouTube
DE,DATAROMA_DE_209,DATAROMA_DE_2,DATAROMA_DE_MW_1,11/13/2024,de_kin_p12-13-vnp_mw_eu_other_brand_na_brand_dir-nadr_1124_119109,11/13/2024,12/25/2024,7.6,140739,Kind,miscellaneous,miscellaneous,DATORAMA,DE_Kind_mw_eur_YouTube_13,social,de_kin_p12-13-vnp_mw_eu_other_brand_na,kind,MW,na,brand,brand,112024,209,DE_ESS_MARS_MW_Kind_EUR,Compliant,PROGRAMMATIC,DV360-YOUTUBE,12,GERMANY,EUR,EU/CEABT,DACH,224334,25799,941824,2659,39398,36355.2811,544590,1373183.595,1267132.231,YouTube
DE,DATAROMA_DE_209,DATAROMA_DE_2,DATAROMA_DE_MW_1,12/4/2024,de_kin_p12-13-vnp_mw_eu_other_brand_na_brand_dir-nadr_1124_119109,11/13/2024,12/25/2024,6.2,302778,Kind,miscellaneous,miscellaneous,DATORAMA,DE_Kind_mw_eur_YouTube_13,social,de_kin_p12-13-vnp_mw_eu_other_brand_na,kind,MW,na,brand,brand,112024,209,DE_ESS_MARS_MW_Kind_EUR,Compliant,PROGRAMMATIC,DV360-YOUTUBE,13,GERMANY,EUR,EU/CEABT,DACH,200149,42489,917588,815,45654,42128.12842,439580,0,0,YouTube
DE,DATAROMA_DE_209,DATAROMA_DE_2,DATAROMA_DE_MW_1,11/14/2024,de_kin_p12-13-vnp_mw_eu_other_brand_na_brand_dir-nadr_1124_119109,11/13/2024,12/25/2024,5.846153846,278617,Kind,miscellaneous,miscellaneous,DATORAMA,DE_Kind_mw_eur_YouTube_13,social,de_kin_p12-13-vnp_mw_eu_other_brand_na,kind,MW,na,brand,brand,112024,209,DE_ESS_MARS_MW_Kind_EUR,Compliant,PROGRAMMATIC,DV360-YOUTUBE,12,GERMANY,EUR,EU/CEABT,DACH,171680,46603,1163489,1526,46135,42571.98065,395187,0,0,YouTube
DE,DATAROMA_DE_209,DATAROMA_DE_2,DATAROMA_DE_MW_1,12/17/2024,de_kin_p12-13-vnp_mw_eu_other_brand_na_brand_dir-nadr_1124_119109,11/13/2024,12/25/2024,7.111111111,160659,Kind,miscellaneous,miscellaneous,DATORAMA,DE_Kind_mw_eur_YouTube_13,social,de_kin_p12-13-vnp_mw_eu_other_brand_na,kind,MW,na,brand,brand,112024,209,DE_ESS_MARS_MW_Kind_EUR,Compliant,PROGRAMMATIC,DV360-YOUTUBE,13,GERMANY,EUR,EU/CEABT,DACH,263784,32030,974608,2301,40908,37748.66337,550340,0,0,YouTube
DE,DATAROMA_DE_209,DATAROMA_DE_2,DATAROMA_DE_MW_1,12/18/2024,de_kin_p12-13-vnp_mw_eu_other_brand_na_brand_dir-nadr_1124_119109,11/13/2024,12/25/2024,6.857142857,215623,Kind,miscellaneous,miscellaneous,DATORAMA,DE_Kind_mw_eur_YouTube_13,social,de_kin_p12-13-vnp_mw_eu_other_brand_na,kind,MW,na,brand,brand,112024,209,DE_ESS_MARS_MW_Kind_EUR,Compliant,PROGRAMMATIC,DV360-YOUTUBE,13,GERMANY,EUR,EU/CEABT,DACH,88447,20810,584730,653,18400,16978.9627,192706,0,0,YouTube
DE,DATAROMA_DE_209,DATAROMA_DE_2,DATAROMA_DE_MW_1,12/22/2024,de_kin_p12-13-vnp_mw_eu_other_brand_na_brand_dir-nadr_1124_119109,11/13/2024,12/25/2024,5.666666667,225586,Kind,miscellaneous,miscellaneous,DATORAMA,DE_Kind_mw_eur_YouTube_13,social,de_kin_p12-13-vnp_mw_eu_other_brand_na,kind,MW,na,brand,brand,112024,209,DE_ESS_MARS_MW_Kind_EUR,Compliant,PROGRAMMATIC,DV360-YOUTUBE,13,GERMANY,EUR,EU/CEABT,DACH,248537,41790,1150500,4308,39718,36650.56741,679940,0,0,YouTube
DE,DATAROMA_DE_209,DATAROMA_DE_2,DATAROMA_DE_MW_1,12/16/2024,de_kin_p12-13-vnp_mw_eu_other_brand_na_brand_dir-nadr_1124_119109,11/13/2024,12/25/2024,7.125,169222,Kind,miscellaneous,miscellaneous,DATORAMA,DE_Kind_mw_eur_YouTube_13,social,de_kin_p12-13-vnp_mw_eu_other_brand_na,kind,MW,na,brand,brand,112024,209,DE_ESS_MARS_MW_Kind_EUR,Compliant,PROGRAMMATIC,DV360-YOUTUBE,13,GERMANY,EUR,EU/CEABT,DACH,366088,91407,950021,3208,27006,24920.31884,595501,0,0,YouTube
DE,DATAROMA_DE_209,DATAROMA_DE_2,DATAROMA_DE_MW_1,11/16/2024,de_kin_p12-13-vnp_mw_eu_other_brand_na_brand_dir-nadr_1124_119109,11/13/2024,12/25/2024,6.2,187248,Kind,miscellaneous,miscellaneous,DATORAMA,DE_Kind_mw_eur_YouTube_13,social,de_kin_p12-13-vnp_mw_eu_other_brand_na,kind,MW,na,brand,brand,112024,209,DE_ESS_MARS_MW_Kind_EUR,Compliant,PROGRAMMATIC,DV360-YOUTUBE,12,GERMANY,EUR,EU/CEABT,DACH,246519,6852,841482,1369,41759,38533.94039,393949,0,0,YouTube
DE,DATAROMA_DE_209,DATAROMA_DE_2,DATAROMA_DE_MW_1,11/27/2024,de_kin_p12-13-vnp_mw_eu_other_brand_na_brand_dir-nadr_1124_119109,11/13/2024,12/25/2024,6.375,102616,Kind,miscellaneous,miscellaneous,DATORAMA,DE_Kind_mw_eur_YouTube_13,social,de_kin_p12-13-vnp_mw_eu_other_brand_na,kind,MW,na,brand,brand,112024,209,DE_ESS_MARS_MW_Kind_EUR,Compliant,PROGRAMMATIC,DV360-YOUTUBE,12,GERMANY,EUR,EU/CEABT,DACH,96977,9638,419702,739,35491,32750.01984,180329,0,0,YouTube
DE,DATAROMA_DE_209,DATAROMA_DE_2,DATAROMA_DE_MW_1,11/25/2024,de_kin_p12-13-vnp_mw_eu_other_brand_na_brand_dir-nadr_1124_119109,11/13/2024,12/25/2024,4.363636364,399432,Kind,miscellaneous,miscellaneous,DATORAMA,DE_Kind_mw_eur_YouTube_13,social,de_kin_p12-13-vnp_mw_eu_other_brand_na,kind,MW,na,brand,brand,112024,209,DE_ESS_MARS_MW_Kind_EUR,Compliant,PROGRAMMATIC,DV360-YOUTUBE,12,GERMANY,EUR,EU/CEABT,DACH,282646,19638,1117579,3857,40014,36923.70725,579092,0,0,YouTube
DE,DATAROMA_DE_209,DATAROMA_DE_2,DATAROMA_DE_MW_1,12/19/2024,de_kin_p12-13-vnp_mw_eu_other_brand_na_brand_dir-nadr_1124_119109,11/13/2024,12/25/2024,8,71008,Kind,miscellaneous,miscellaneous,DATORAMA,DE_Kind_mw_eur_YouTube_13,social,de_kin_p12-13-vnp_mw_eu_other_brand_na,kind,MW,na,brand,brand,112024,209,DE_ESS_MARS_MW_Kind_EUR,Compliant,PROGRAMMATIC,DV360-YOUTUBE,13,GERMANY,EUR,EU/CEABT,DACH,156806,32672,566379,1941,20229,18666.7085,373405,0,0,YouTube
DE,DATAROMA_DE_209,DATAROMA_DE_2,DATAROMA_DE_MW_1,11/19/2024,de_kin_p12-13-vnp_mw_eu_other_brand_na_brand_dir-nadr_1124_119109,11/13/2024,12/25/2024,6.285714286,168002,Kind,miscellaneous,miscellaneous,DATORAMA,DE_Kind_mw_eur_YouTube_13,social,de_kin_p12-13-vnp_mw_eu_other_brand_na,kind,MW,na,brand,brand,112024,209,DE_ESS_MARS_MW_Kind_EUR,Compliant,PROGRAMMATIC,DV360-YOUTUBE,12,GERMANY,EUR,EU/CEABT,DACH,125892,30359,603980,2205,23053,21272.61017,357371,0,0,YouTube
DE,DATAROMA_DE_209,DATAROMA_DE_2,DATAROMA_DE_MW_1,12/11/2024,de_kin_p12-13-vnp_mw_eu_other_brand_na_brand_dir-nadr_1124_119109,11/13/2024,12/25/2024,6.769230769,229298,Kind,miscellaneous,miscellaneous,DATORAMA,DE_Kind_mw_eur_YouTube_13,social,de_kin_p12-13-vnp_mw_eu_other_brand_na,kind,MW,na,brand,brand,112024,209,DE_ESS_MARS_MW_Kind_EUR,Compliant,PROGRAMMATIC,DV360-YOUTUBE,13,GERMANY,EUR,EU/CEABT,DACH,229335,25106,943553,3632,37052,34190.46336,649220,0,0,YouTube
DE,DATAROMA_DE_209,DATAROMA_DE_2,DATAROMA_DE_MW_1,12/5/2024,de_kin_p12-13-vnp_mw_eu_other_brand_na_brand_dir-nadr_1124_119109,11/13/2024,12/25/2024,6.375,294707,Kind,miscellaneous,miscellaneous,DATORAMA,DE_Kind_mw_eur_YouTube_13,social,de_kin_p12-13-vnp_mw_eu_other_brand_na,kind,MW,na,brand,brand,112024,209,DE_ESS_MARS_MW_Kind_EUR,Compliant,PROGRAMMATIC,DV360-YOUTUBE,13,GERMANY,EUR,EU/CEABT,DACH,240484,4811,829922,1854,28103,25932.59721,391229,0,0,YouTube
DE,DATAROMA_DE_209,DATAROMA_DE_2,DATAROMA_DE_MW_1,12/8/2024,de_kin_p12-13-vnp_mw_eu_other_brand_na_brand_dir-nadr_1124_119109,11/13/2024,12/25/2024,10.2,44437,Kind,miscellaneous,miscellaneous,DATORAMA,DE_Kind_mw_eur_YouTube_13,social,de_kin_p12-13-vnp_mw_eu_other_brand_na,kind,MW,na,brand,brand,112024,209,DE_ESS_MARS_MW_Kind_EUR,Compliant,PROGRAMMATIC,DV360-YOUTUBE,13,GERMANY,EUR,EU/CEABT,DACH,104604,15563,432214,1697,14499,13379.23805,188792,0,0,YouTube
DE,DATAROMA_DE_209,DATAROMA_DE_2,DATAROMA_DE_MW_1,12/24/2024,de_kin_p12-13-vnp_mw_eu_other_brand_na_brand_dir-nadr_1124_119109,11/13/2024,12/25/2024,6.375,158057,Kind,miscellaneous,miscellaneous,DATORAMA,DE_Kind_mw_eur_YouTube_13,social,de_kin_p12-13-vnp_mw_eu_other_brand_na,kind,MW,na,brand,brand,112024,209,DE_ESS_MARS_MW_Kind_EUR,Compliant,PROGRAMMATIC,DV360-YOUTUBE,13,GERMANY,EUR,EU/CEABT,DACH,194273,7620,687532,2492,31803,29346.84514,308187,0,0,YouTube
DE,DATAROMA_DE_209,DATAROMA_DE_2,DATAROMA_DE_MW_1,12/9/2024,de_kin_p12-13-vnp_mw_eu_other_brand_na_brand_dir-nadr_1124_119109,11/13/2024,12/25/2024,5.857142857,100843,Kind,miscellaneous,miscellaneous,DATORAMA,DE_Kind_mw_eur_YouTube_13,social,de_kin_p12-13-vnp_mw_eu_other_brand_na,kind,MW,na,brand,brand,112024,209,DE_ESS_MARS_MW_Kind_EUR,Compliant,PROGRAMMATIC,DV360-YOUTUBE,13,GERMANY,EUR,EU/CEABT,DACH,104061,7722,507694,1081,28630,26418.89685,181331,0,0,YouTube
DE,DATAROMA_DE_209,DATAROMA_DE_2,DATAROMA_DE_MW_1,11/18/2024,de_kin_p12-13-vnp_mw_eu_other_brand_na_brand_dir-nadr_1124_119109,11/13/2024,12/25/2024,7.363636364,138156,Kind,miscellaneous,miscellaneous,DATORAMA,DE_Kind_mw_eur_YouTube_13,social,de_kin_p12-13-vnp_mw_eu_other_brand_na,kind,MW,na,brand,brand,112024,209,DE_ESS_MARS_MW_Kind_EUR,Compliant,PROGRAMMATIC,DV360-YOUTUBE,12,GERMANY,EUR,EU/CEABT,DACH,137953,19014,774975,2149,42688,39391.19345,292333,0,0,YouTube
DE,DATAROMA_DE_209,DATAROMA_DE_2,DATAROMA_DE_MW_1,12/13/2024,de_kin_p12-13-vnp_mw_eu_other_brand_na_brand_dir-nadr_1124_119109,11/13/2024,12/25/2024,5.8,220295,Kind,miscellaneous,miscellaneous,DATORAMA,DE_Kind_mw_eur_YouTube_13,social,de_kin_p12-13-vnp_mw_eu_other_brand_na,kind,MW,na,brand,brand,112024,209,DE_ESS_MARS_MW_Kind_EUR,Compliant,PROGRAMMATIC,DV360-YOUTUBE,13,GERMANY,EUR,EU/CEABT,DACH,152587,34073,572132,1356,24216,22345.79134,278809,0,0,YouTube
DE,DATAROMA_DE_209,DATAROMA_DE_2,DATAROMA_DE_MW_1,12/3/2024,de_kin_p12-13-vnp_mw_eu_other_brand_na_brand_dir-nadr_1124_119109,11/13/2024,12/25/2024,4.222222222,298040,Kind,miscellaneous,miscellaneous,DATORAMA,DE_Kind_mw_eur_YouTube_13,social,de_kin_p12-13-vnp_mw_eu_other_brand_na,kind,MW,na,brand,brand,112024,209,DE_ESS_MARS_MW_Kind_EUR,Compliant,PROGRAMMATIC,DV360-YOUTUBE,13,GERMANY,EUR,EU/CEABT,DACH,244949,38259,866928,2190,31728,29277.63741,321497,0,0,YouTube
DE,DATAROMA_DE_209,DATAROMA_DE_2,DATAROMA_DE_MW_1,12/1/2024,de_kin_p12-13-vnp_mw_eu_other_brand_na_brand_dir-nadr_1124_119109,11/13/2024,12/25/2024,8.076923077,200622,Kind,miscellaneous,miscellaneous,DATORAMA,DE_Kind_mw_eur_YouTube_13,social,de_kin_p12-13-vnp_mw_eu_other_brand_na,kind,MW,na,brand,brand,112024,209,DE_ESS_MARS_MW_Kind_EUR,Compliant,PROGRAMMATIC,DV360-YOUTUBE,13,GERMANY,EUR,EU/CEABT,DACH,331220,53429,1157013,3216,61017,56304.6395,606394,0,0,YouTube
DE,DATAROMA_DE_209,DATAROMA_DE_2,DATAROMA_DE_MW_1,12/21/2024,de_kin_p12-13-vnp_mw_eu_other_brand_na_brand_dir-nadr_1124_119109,11/13/2024,12/25/2024,5.428571429,117198,Kind,miscellaneous,miscellaneous,DATORAMA,DE_Kind_mw_eur_YouTube_13,social,de_kin_p12-13-vnp_mw_eu_other_brand_na,kind,MW,na,brand,brand,112024,209,DE_ESS_MARS_MW_Kind_EUR,Compliant,PROGRAMMATIC,DV360-YOUTUBE,13,GERMANY,EUR,EU/CEABT,DACH,32977,6541,325163,470,37899,34972.04931,86735,0,0,YouTube
DE,DATAROMA_DE_209,DATAROMA_DE_2,DATAROMA_DE_MW_1,12/25/2024,de_kin_p12-13-vnp_mw_eu_other_brand_na_brand_dir-nadr_1124_119109,11/13/2024,12/25/2024,8.2,71272,Kind,miscellaneous,miscellaneous,DATORAMA,DE_Kind_mw_eur_YouTube_13,social,de_kin_p12-13-vnp_mw_eu_other_brand_na,kind,MW,na,brand,brand,112024,209,DE_ESS_MARS_MW_Kind_EUR,Compliant,PROGRAMMATIC,DV360-YOUTUBE,13,GERMANY,EUR,EU/CEABT,DACH,168081,20113,391756,1280,18884,17425.58324,232331,0,0,YouTube
DE,DATAROMA_DE_209,DATAROMA_DE_2,DATAROMA_DE_MW_1,11/20/2024,de_kin_p12-13-vnp_mw_eu_other_brand_na_brand_dir-nadr_1124_119109,11/13/2024,12/25/2024,8.555555556,238395,Kind,miscellaneous,miscellaneous,DATORAMA,DE_Kind_mw_eur_YouTube_13,social,de_kin_p12-13-vnp_mw_eu_other_brand_na,kind,MW,na,brand,brand,112024,209,DE_ESS_MARS_MW_Kind_EUR,Compliant,PROGRAMMATIC,DV360-YOUTUBE,12,GERMANY,EUR,EU/CEABT,DACH,284029,19318,833827,2375,34450,31789.41657,426350,0,0,YouTube
DE,DATAROMA_DE_209,DATAROMA_DE_2,DATAROMA_DE_MW_1,11/23/2024,de_kin_p12-13-vnp_mw_eu_other_brand_na_brand_dir-nadr_1124_119109,11/13/2024,12/25/2024,7.625,78739,Kind,miscellaneous,miscellaneous,DATORAMA,DE_Kind_mw_eur_YouTube_13,social,de_kin_p12-13-vnp_mw_eu_other_brand_na,kind,MW,na,brand,brand,112024,209,DE_ESS_MARS_MW_Kind_EUR,Compliant,PROGRAMMATIC,DV360-YOUTUBE,12,GERMANY,EUR,EU/CEABT,DACH,138043,19851,630291,1131,30126,27799.36034,263011,0,0,YouTube
DE,DATAROMA_DE_209,DATAROMA_DE_2,DATAROMA_DE_MW_1,12/12/2024,de_kin_p12-13-vnp_mw_eu_other_brand_na_brand_dir-nadr_1124_119109,11/13/2024,12/25/2024,5,264836,Kind,miscellaneous,miscellaneous,DATORAMA,DE_Kind_mw_eur_YouTube_13,social,de_kin_p12-13-vnp_mw_eu_other_brand_na,kind,MW,na,brand,brand,112024,209,DE_ESS_MARS_MW_Kind_EUR,Compliant,PROGRAMMATIC,DV360-YOUTUBE,13,GERMANY,EUR,EU/CEABT,DACH,70427,29595,683187,1855,35436,32699.26751,309067,0,0,YouTube
DE,DATAROMA_DE_209,DATAROMA_DE_2,DATAROMA_DE_MW_1,11/22/2024,de_kin_p12-13-vnp_mw_eu_other_brand_na_brand_dir-nadr_1124_119109,11/13/2024,12/25/2024,4.5,283533,Kind,miscellaneous,miscellaneous,DATORAMA,DE_Kind_mw_eur_YouTube_13,social,de_kin_p12-13-vnp_mw_eu_other_brand_na,kind,MW,na,brand,brand,112024,209,DE_ESS_MARS_MW_Kind_EUR,Compliant,PROGRAMMATIC,DV360-YOUTUBE,12,GERMANY,EUR,EU/CEABT,DACH,39533,6962,508654,1329,30749,28374.24587,227418,0,0,YouTube
DE,DATAROMA_DE_209,DATAROMA_DE_2,DATAROMA_DE_MW_1,12/15/2024,de_kin_p12-13-vnp_mw_eu_other_brand_na_brand_dir-nadr_1124_119109,11/13/2024,12/25/2024,4.3,229916,Kind,miscellaneous,miscellaneous,DATORAMA,DE_Kind_mw_eur_YouTube_13,social,de_kin_p12-13-vnp_mw_eu_other_brand_na,kind,MW,na,brand,brand,112024,209,DE_ESS_MARS_MW_Kind_EUR,Compliant,PROGRAMMATIC,DV360-YOUTUBE,13,GERMANY,EUR,EU/CEABT,DACH,165919,7878,686053,1797,40458,37333.417,385264,0,0,YouTube
DE,DATAROMA_DE_209,DATAROMA_DE_2,DATAROMA_DE_MW_1,11/26/2024,de_kin_p12-13-vnp_mw_eu_other_brand_na_brand_dir-nadr_1124_119109,11/13/2024,12/25/2024,5.444444444,321895,Kind,miscellaneous,miscellaneous,DATORAMA,DE_Kind_mw_eur_YouTube_13,social,de_kin_p12-13-vnp_mw_eu_other_brand_na,kind,MW,na,brand,brand,112024,209,DE_ESS_MARS_MW_Kind_EUR,Compliant,PROGRAMMATIC,DV360-YOUTUBE,12,GERMANY,EUR,EU/CEABT,DACH,202883,101121,1059815,3380,35284,32559.00651,688514,0,0,YouTube
DE,DATAROMA_DE_209,DATAROMA_DE_2,DATAROMA_DE_MW_1,12/23/2024,de_kin_p12-13-vnp_mw_eu_other_brand_na_brand_dir-nadr_1124_119109,11/13/2024,12/25/2024,6,160376,Kind,miscellaneous,miscellaneous,DATORAMA,DE_Kind_mw_eur_YouTube_13,social,de_kin_p12-13-vnp_mw_eu_other_brand_na,kind,MW,na,brand,brand,112024,209,DE_ESS_MARS_MW_Kind_EUR,Compliant,PROGRAMMATIC,DV360-YOUTUBE,13,GERMANY,EUR,EU/CEABT,DACH,179301,19141,671883,2126,22132,20422.73926,367063,0,0,YouTube
DE,DATAROMA_DE_211,DATAROMA_DE_2,DATAROMA_DE_MW_1,4/18/2024,de_kin_p3-4-vnp_mw_eu_other_brand_social_reach_social_0324_119066,3/6/2024,4/22/2024,4.833333333,320239,Kind,miscellaneous,miscellaneous,DATORAMA,DE_Kind_mw_eur_YouTube_15,bid-dda,de_kin_p3-4-vnp_mw_eu_other_brand_social,kind,MW,social,brand,reach,32024,211,DE_ESS_MARS_MW_Kind_EUR,Compliant,PROGRAMMATIC,DV360-YOUTUBE,4,GERMANY,EUR,EU/CEABT,DACH,457495,37045,1174597,3648,37856,34932.37021,675598,0,0,YouTube
DE,DATAROMA_DE_211,DATAROMA_DE_2,DATAROMA_DE_MW_1,3/9/2024,de_kin_p3-4-vnp_mw_eu_other_brand_social_reach_social_0324_119066,3/6/2024,4/22/2024,7.8,130213,Kind,miscellaneous,miscellaneous,DATORAMA,DE_Kind_mw_eur_YouTube_15,bid-dda,de_kin_p3-4-vnp_mw_eu_other_brand_social,kind,MW,social,brand,reach,32024,211,DE_ESS_MARS_MW_Kind_EUR,Compliant,PROGRAMMATIC,DV360-YOUTUBE,3,GERMANY,EUR,EU/CEABT,DACH,318107,18457,933981,3520,31330,28910.37507,539579,0,0,YouTube
DE,DATAROMA_DE_211,DATAROMA_DE_2,DATAROMA_DE_MW_1,3/18/2024,de_kin_p3-4-vnp_mw_eu_other_brand_social_reach_social_0324_119066,3/6/2024,4/22/2024,5.888888889,259578,Kind,miscellaneous,miscellaneous,DATORAMA,DE_Kind_mw_eur_YouTube_15,bid-dda,de_kin_p3-4-vnp_mw_eu_other_brand_social,kind,MW,social,brand,reach,32024,211,DE_ESS_MARS_MW_Kind_EUR,Compliant,PROGRAMMATIC,DV360-YOUTUBE,3,GERMANY,EUR,EU/CEABT,DACH,152290,19340,797058,1881,33861,31245.90521,355630,0,0,YouTube
DE,DATAROMA_DE_211,DATAROMA_DE_2,DATAROMA_DE_MW_1,3/26/2024,de_kin_p3-4-vnp_mw_eu_other_brand_social_reach_social_0324_119066,3/6/2024,4/22/2024,7.0625,294214,Kind,miscellaneous,miscellaneous,DATORAMA,DE_Kind_mw_eur_YouTube_15,bid-dda,de_kin_p3-4-vnp_mw_eu_other_brand_social,kind,MW,social,brand,reach,32024,211,DE_ESS_MARS_MW_Kind_EUR,Compliant,PROGRAMMATIC,DV360-YOUTUBE,4,GERMANY,EUR,EU/CEABT,DACH,373159,36769,1490159,5523,58763,54224.71657,862411,0,0,YouTube
DE,DATAROMA_DE_211,DATAROMA_DE_2,DATAROMA_DE_MW_1,3/16/2024,de_kin_p3-4-vnp_mw_eu_other_brand_social_reach_social_0324_119066,3/6/2024,4/22/2024,7.2,125467,Kind,miscellaneous,miscellaneous,DATORAMA,DE_Kind_mw_eur_YouTube_15,bid-dda,de_kin_p3-4-vnp_mw_eu_other_brand_social,kind,MW,social,brand,reach,32024,211,DE_ESS_MARS_MW_Kind_EUR,Compliant,PROGRAMMATIC,DV360-YOUTUBE,3,GERMANY,EUR,EU/CEABT,DACH,162193,7112,587051,1379,46411,42826.66509,217887,0,0,YouTube
DE,DATAROMA_DE_211,DATAROMA_DE_2,DATAROMA_DE_MW_1,3/22/2024,de_kin_p3-4-vnp_mw_eu_other_brand_social_reach_social_0324_119066,3/6/2024,4/22/2024,7.166666667,130150,Kind,miscellaneous,miscellaneous,DATORAMA,DE_Kind_mw_eur_YouTube_15,bid-dda,de_kin_p3-4-vnp_mw_eu_other_brand_social,kind,MW,social,brand,reach,32024,211,DE_ESS_MARS_MW_Kind_EUR,Compliant,PROGRAMMATIC,DV360-YOUTUBE,3,GERMANY,EUR,EU/CEABT,DACH,84308,6543,604117,2762,16495,15221.0864,372307,0,0,YouTube
DE,DATAROMA_DE_211,DATAROMA_DE_2,DATAROMA_DE_MW_1,3/11/2024,de_kin_p3-4-vnp_mw_eu_other_brand_social_reach_social_0324_119066,3/6/2024,4/22/2024,6.714285714,140046,Kind,miscellaneous,miscellaneous,DATORAMA,DE_Kind_mw_eur_YouTube_15,bid-dda,de_kin_p3-4-vnp_mw_eu_other_brand_social,kind,MW,social,brand,reach,32024,211,DE_ESS_MARS_MW_Kind_EUR,Compliant,PROGRAMMATIC,DV360-YOUTUBE,3,GERMANY,EUR,EU/CEABT,DACH,99844,23447,564502,958,26236,24209.78616,166939,0,0,YouTube
DE,DATAROMA_DE_211,DATAROMA_DE_2,DATAROMA_DE_MW_1,4/21/2024,de_kin_p3-4-vnp_mw_eu_other_brand_social_reach_social_0324_119066,3/6/2024,4/22/2024,7.875,214163,Kind,miscellaneous,miscellaneous,DATORAMA,DE_Kind_mw_eur_YouTube_15,bid-dda,de_kin_p3-4-vnp_mw_eu_other_brand_social,kind,MW,social,brand,reach,32024,211,DE_ESS_MARS_MW_Kind_EUR,Compliant,PROGRAMMATIC,DV360-YOUTUBE,5,GERMANY,EUR,EU/CEABT,DACH,83754,8114,693178,1180,38228,35275.64054,193086,0,0,YouTube
DE,DATAROMA_DE_211,DATAROMA_DE_2,DATAROMA_DE_MW_1,3/13/2024,de_kin_p3-4-vnp_mw_eu_other_brand_social_reach_social_0324_119066,3/6/2024,4/22/2024,7,80608,Kind,miscellaneous,miscellaneous,DATORAMA,DE_Kind_mw_eur_YouTube_15,bid-dda,de_kin_p3-4-vnp_mw_eu_other_brand_social,kind,MW,social,brand,reach,32024,211,DE_ESS_MARS_MW_Kind_EUR,Compliant,PROGRAMMATIC,DV360-YOUTUBE,3,GERMANY,EUR,EU/CEABT,DACH,53963,2752,287464,281,4844,4469.896483,101203,0,0,YouTube
DE,DATAROMA_DE_211,DATAROMA_DE_2,DATAROMA_DE_MW_1,3/21/2024,de_kin_p3-4-vnp_mw_eu_other_brand_social_reach_social_0324_119066,3/6/2024,4/22/2024,4.727272727,284195,Kind,miscellaneous,miscellaneous,DATORAMA,DE_Kind_mw_eur_YouTube_15,bid-dda,de_kin_p3-4-vnp_mw_eu_other_brand_social,kind,MW,social,brand,reach,32024,211,DE_ESS_MARS_MW_Kind_EUR,Compliant,PROGRAMMATIC,DV360-YOUTUBE,3,GERMANY,EUR,EU/CEABT,DACH,171007,10397,936813,2250,38747,35754.55802,411936,0,0,YouTube
DE,DATAROMA_DE_211,DATAROMA_DE_2,DATAROMA_DE_MW_1,4/10/2024,de_kin_p3-4-vnp_mw_eu_other_brand_social_reach_social_0324_119066,3/6/2024,4/22/2024,9.142857143,61716,Kind,miscellaneous,miscellaneous,DATORAMA,DE_Kind_mw_eur_YouTube_15,bid-dda,de_kin_p3-4-vnp_mw_eu_other_brand_social,kind,MW,social,brand,reach,32024,211,DE_ESS_MARS_MW_Kind_EUR,Compliant,PROGRAMMATIC,DV360-YOUTUBE,4,GERMANY,EUR,EU/CEABT,DACH,82642,11155,442227,581,32899,30358.20075,155216,0,0,YouTube
DE,DATAROMA_DE_211,DATAROMA_DE_2,DATAROMA_DE_MW_1,3/8/2024,de_kin_p3-4-vnp_mw_eu_other_brand_social_reach_social_0324_119066,3/6/2024,4/22/2024,6.1,325968,Kind,miscellaneous,miscellaneous,DATORAMA,DE_Kind_mw_eur_YouTube_15,bid-dda,de_kin_p3-4-vnp_mw_eu_other_brand_social,kind,MW,social,brand,reach,32024,211,DE_ESS_MARS_MW_Kind_EUR,Compliant,PROGRAMMATIC,DV360-YOUTUBE,3,GERMANY,EUR,EU/CEABT,DACH,338998,72638,1092576,5259,45891,42346.82484,734194,0,0,YouTube
DE,DATAROMA_DE_211,DATAROMA_DE_2,DATAROMA_DE_MW_1,4/16/2024,de_kin_p3-4-vnp_mw_eu_other_brand_social_reach_social_0324_119066,3/6/2024,4/22/2024,7.416666667,178303,Kind,miscellaneous,miscellaneous,DATORAMA,DE_Kind_mw_eur_YouTube_15,bid-dda,de_kin_p3-4-vnp_mw_eu_other_brand_social,kind,MW,social,brand,reach,32024,211,DE_ESS_MARS_MW_Kind_EUR,Compliant,PROGRAMMATIC,DV360-YOUTUBE,4,GERMANY,EUR,EU/CEABT,DACH,280663,90250,1146036,3664,41342,38149.14542,634865,0,0,YouTube
DE,DATAROMA_DE_211,DATAROMA_DE_2,DATAROMA_DE_MW_1,4/11/2024,de_kin_p3-4-vnp_mw_eu_other_brand_social_reach_social_0324_119066,3/6/2024,4/22/2024,7.111111111,115932,Kind,miscellaneous,miscellaneous,DATORAMA,DE_Kind_mw_eur_YouTube_15,bid-dda,de_kin_p3-4-vnp_mw_eu_other_brand_social,kind,MW,social,brand,reach,32024,211,DE_ESS_MARS_MW_Kind_EUR,Compliant,PROGRAMMATIC,DV360-YOUTUBE,4,GERMANY,EUR,EU/CEABT,DACH,194806,48422,815430,1765,27890,25736.04726,549506,0,0,YouTube
DE,DATAROMA_DE_211,DATAROMA_DE_2,DATAROMA_DE_MW_1,4/20/2024,de_kin_p3-4-vnp_mw_eu_other_brand_social_reach_social_0324_119066,3/6/2024,4/22/2024,6,342978,Kind,miscellaneous,miscellaneous,DATORAMA,DE_Kind_mw_eur_YouTube_15,bid-dda,de_kin_p3-4-vnp_mw_eu_other_brand_social,kind,MW,social,brand,reach,32024,211,DE_ESS_MARS_MW_Kind_EUR,Compliant,PROGRAMMATIC,DV360-YOUTUBE,4,GERMANY,EUR,EU/CEABT,DACH,217911,26892,999080,2568,55034,50783.70832,557429,0,0,YouTube
DE,DATAROMA_DE_211,DATAROMA_DE_2,DATAROMA_DE_MW_1,3/23/2024,de_kin_p3-4-vnp_mw_eu_other_brand_social_reach_social_0324_119066,3/6/2024,4/22/2024,7,191169,Kind,miscellaneous,miscellaneous,DATORAMA,DE_Kind_mw_eur_YouTube_15,bid-dda,de_kin_p3-4-vnp_mw_eu_other_brand_social,kind,MW,social,brand,reach,32024,211,DE_ESS_MARS_MW_Kind_EUR,Compliant,PROGRAMMATIC,DV360-YOUTUBE,3,GERMANY,EUR,EU/CEABT,DACH,187234,44076,839769,2673,29568,27284.45484,525850,0,0,YouTube
DE,DATAROMA_DE_211,DATAROMA_DE_2,DATAROMA_DE_MW_1,3/24/2024,de_kin_p3-4-vnp_mw_eu_other_brand_social_reach_social_0324_119066,3/6/2024,4/22/2024,4.5,380179,Kind,miscellaneous,miscellaneous,DATORAMA,DE_Kind_mw_eur_YouTube_15,bid-dda,de_kin_p3-4-vnp_mw_eu_other_brand_social,kind,MW,social,brand,reach,32024,211,DE_ESS_MARS_MW_Kind_EUR,Compliant,PROGRAMMATIC,DV360-YOUTUBE,4,GERMANY,EUR,EU/CEABT,DACH,101063,52227,831085,1463,38087,35145.53001,334565,0,0,YouTube
DE,DATAROMA_DE_211,DATAROMA_DE_2,DATAROMA_DE_MW_1,4/4/2024,de_kin_p3-4-vnp_mw_eu_other_brand_social_reach_social_0324_119066,3/6/2024,4/22/2024,6.2,277370,Kind,miscellaneous,miscellaneous,DATORAMA,DE_Kind_mw_eur_YouTube_15,bid-dda,de_kin_p3-4-vnp_mw_eu_other_brand_social,kind,MW,social,brand,reach,32024,211,DE_ESS_MARS_MW_Kind_EUR,Compliant,PROGRAMMATIC,DV360-YOUTUBE,4,GERMANY,EUR,EU/CEABT,DACH,267398,45418,793888,2602,48841,45068.99549,489924,0,0,YouTube
DE,DATAROMA_DE_211,DATAROMA_DE_2,DATAROMA_DE_MW_1,3/20/2024,de_kin_p3-4-vnp_mw_eu_other_brand_social_reach_social_0324_119066,3/6/2024,4/22/2024,4.153846154,509487,Kind,miscellaneous,miscellaneous,DATORAMA,DE_Kind_mw_eur_YouTube_15,bid-dda,de_kin_p3-4-vnp_mw_eu_other_brand_social,kind,MW,social,brand,reach,32024,211,DE_ESS_MARS_MW_Kind_EUR,Compliant,PROGRAMMATIC,DV360-YOUTUBE,3,GERMANY,EUR,EU/CEABT,DACH,192038,36395,1464056,2459,52144,48116.90385,485573,0,0,YouTube
DE,DATAROMA_DE_211,DATAROMA_DE_2,DATAROMA_DE_MW_1,3/15/2024,de_kin_p3-4-vnp_mw_eu_other_brand_social_reach_social_0324_119066,3/6/2024,4/22/2024,7.6,140717,Kind,miscellaneous,miscellaneous,DATORAMA,DE_Kind_mw_eur_YouTube_15,bid-dda,de_kin_p3-4-vnp_mw_eu_other_brand_social,kind,MW,social,brand,reach,32024,211,DE_ESS_MARS_MW_Kind_EUR,Compliant,PROGRAMMATIC,DV360-YOUTUBE,3,GERMANY,EUR,EU/CEABT,DACH,206606,18976,956365,2598,36859,34012.36881,406346,0,0,YouTube
DE,DATAROMA_DE_211,DATAROMA_DE_2,DATAROMA_DE_MW_1,3/29/2024,de_kin_p3-4-vnp_mw_eu_other_brand_social_reach_social_0324_119066,3/6/2024,4/22/2024,7.857142857,83603,Kind,miscellaneous,miscellaneous,DATORAMA,DE_Kind_mw_eur_YouTube_15,bid-dda,de_kin_p3-4-vnp_mw_eu_other_brand_social,kind,MW,social,brand,reach,32024,211,DE_ESS_MARS_MW_Kind_EUR,Compliant,PROGRAMMATIC,DV360-YOUTUBE,4,GERMANY,EUR,EU/CEABT,DACH,126197,5343,584488,875,22375,20646.9723,174430,0,0,YouTube
DE,DATAROMA_DE_211,DATAROMA_DE_2,DATAROMA_DE_MW_1,4/6/2024,de_kin_p3-4-vnp_mw_eu_other_brand_social_reach_social_0324_119066,3/6/2024,4/22/2024,6,251498,Kind,miscellaneous,miscellaneous,DATORAMA,DE_Kind_mw_eur_YouTube_15,bid-dda,de_kin_p3-4-vnp_mw_eu_other_brand_social,kind,MW,social,brand,reach,32024,211,DE_ESS_MARS_MW_Kind_EUR,Compliant,PROGRAMMATIC,DV360-YOUTUBE,4,GERMANY,EUR,EU/CEABT,DACH,270282,26400,748201,2225,30598,28234.90764,436194,0,0,YouTube
DE,DATAROMA_DE_211,DATAROMA_DE_2,DATAROMA_DE_MW_1,3/28/2024,de_kin_p3-4-vnp_mw_eu_other_brand_social_reach_social_0324_119066,3/6/2024,4/22/2024,6,219172,Kind,miscellaneous,miscellaneous,DATORAMA,DE_Kind_mw_eur_YouTube_15,bid-dda,de_kin_p3-4-vnp_mw_eu_other_brand_social,kind,MW,social,brand,reach,32024,211,DE_ESS_MARS_MW_Kind_EUR,Compliant,PROGRAMMATIC,DV360-YOUTUBE,4,GERMANY,EUR,EU/CEABT,DACH,182556,34883,636396,1406,39701,36634.88033,426133,0,0,YouTube
DE,DATAROMA_DE_211,DATAROMA_DE_2,DATAROMA_DE_MW_1,3/31/2024,de_kin_p3-4-vnp_mw_eu_other_brand_social_reach_social_0324_119066,3/6/2024,4/22/2024,5.142857143,291673,Kind,miscellaneous,miscellaneous,DATORAMA,DE_Kind_mw_eur_YouTube_15,bid-dda,de_kin_p3-4-vnp_mw_eu_other_brand_social,kind,MW,social,brand,reach,32024,211,DE_ESS_MARS_MW_Kind_EUR,Compliant,PROGRAMMATIC,DV360-YOUTUBE,4,GERMANY,EUR,EU/CEABT,DACH,246990,30234,596158,1617,31281,28865.15935,363120,0,0,YouTube
